date,equity
2001-01-01,10000000.0
2001-01-02,10000000.0
2001-01-03,10000000.0
2001-01-04,10000000.0
2001-01-05,10000000.0
2001-01-08,10000000.0
2001-01-09,10000000.0
2001-01-10,10000000.0
2001-01-11,10000000.0
2001-01-12,10000000.0
2001-01-15,10000000.0
2001-01-16,10000000.0
2001-01-17,10000000.0
2001-01-18,10000000.0
2001-01-19,10000000.0
2001-01-22,10000000.0
2001-01-23,10000000.0
2001-01-24,10000000.0
2001-01-25,10000000.0
2001-01-26,10000000.0
2001-01-29,10000000.0
2001-01-30,10000000.0
2001-01-31,10000000.0
2001-02-01,10000000.0
2001-02-02,10000000.0
2001-02-05,10000000.0
2001-02-06,10000000.0
2001-02-07,10000000.0
2001-02-08,10000000.0
2001-02-09,10000000.0
2001-02-12,10000000.0
2001-02-13,10000000.0
2001-02-14,10000000.0
2001-02-15,10000000.0
2001-02-16,10000000.0
2001-02-19,10000000.0
2001-02-20,10000000.0
2001-02-21,10000000.0
2001-02-22,10000000.0
2001-02-23,10000000.0
2001-02-26,10000000.0
2001-02-27,10000000.0
2001-02-28,10000000.0
2001-03-01,10000000.0
2001-03-02,10000000.0
2001-03-05,10000000.0
2001-03-06,10000000.0
2001-03-07,10000000.0
2001-03-08,10000000.0
2001-03-09,10000000.0
2001-03-12,10000000.0
2001-03-13,10000000.0
2001-03-14,10000000.0
2001-03-15,10000000.0
2001-03-16,10000000.0
2001-03-19,10000000.0
2001-03-20,10000000.0
2001-03-21,10000000.0
2001-03-22,10000000.0
2001-03-23,10000000.0
2001-03-26,10000000.0
2001-03-27,10000000.0
2001-03-28,10000000.0
2001-03-29,10000000.0
2001-03-30,10000000.0
2001-04-02,10000000.0
2001-04-03,10000000.0
2001-04-04,10000000.0
2001-04-05,10000000.0
2001-04-06,10000000.0
2001-04-09,10000000.0
2001-04-10,10000000.0
2001-04-11,10000000.0
2001-04-12,10000000.0
2001-04-13,10000000.0
2001-04-16,10000000.0
2001-04-17,10000000.0
2001-04-18,10000000.0
2001-04-19,10000000.0
2001-04-20,10000000.0
2001-04-23,10000000.0
2001-04-24,10000000.0
2001-04-25,10000000.0
2001-04-26,10000000.0
2001-04-27,10000000.0
2001-04-30,10000000.0
2001-05-01,10000000.0
2001-05-02,10000000.0
2001-05-03,10000000.0
2001-05-04,10000000.0
2001-05-07,10000000.0
2001-05-08,10000000.0
2001-05-09,10000000.0
2001-05-10,10000000.0
2001-05-11,10000000.0
2001-05-14,10000000.0
2001-05-15,10000000.0
2001-05-16,10000000.0
2001-05-17,10000000.0
2001-05-18,10000000.0
2001-05-21,10000000.0
2001-05-22,10000000.0
2001-05-23,10000000.0
2001-05-24,10000000.0
2001-05-25,10000000.0
2001-05-28,10000000.0
2001-05-29,10000000.0
2001-05-30,10000000.0
2001-05-31,10000000.0
2001-06-01,10000000.0
2001-06-04,10000000.0
2001-06-05,10000000.0
2001-06-06,10000000.0
2001-06-07,10000000.0
2001-06-08,10000000.0
2001-06-11,10000000.0
2001-06-12,10000000.0
2001-06-13,10000000.0
2001-06-14,10000000.0
2001-06-15,10000000.0
2001-06-18,10000000.0
2001-06-19,10000000.0
2001-06-20,10000000.0
2001-06-21,10000000.0
2001-06-22,10000000.0
2001-06-25,10000000.0
2001-06-26,10000000.0
2001-06-27,10000000.0
2001-06-28,10000000.0
2001-06-29,10000000.0
2001-07-02,10000000.0
2001-07-03,10000000.0
2001-07-04,10000000.0
2001-07-05,10000000.0
2001-07-06,10000000.0
2001-07-09,10000000.0
2001-07-10,10000000.0
2001-07-11,10000000.0
2001-07-12,10000000.0
2001-07-13,10000000.0
2001-07-16,10000000.0
2001-07-17,10000000.0
2001-07-18,10000000.0
2001-07-19,10000000.0
2001-07-20,10000000.0
2001-07-23,10000000.0
2001-07-24,10000000.0
2001-07-25,10000000.0
2001-07-26,10000000.0
2001-07-27,10000000.0
2001-07-30,10000000.0
2001-07-31,10000000.0
2001-08-01,10000000.0
2001-08-02,10000000.0
2001-08-03,10000000.0
2001-08-06,10000000.0
2001-08-07,10000000.0
2001-08-08,10000000.0
2001-08-09,10000000.0
2001-08-10,10000000.0
2001-08-13,10000000.0
2001-08-14,10000000.0
2001-08-15,10000000.0
2001-08-16,10000000.0
2001-08-17,10000000.0
2001-08-20,10000000.0
2001-08-21,10000000.0
2001-08-22,10000000.0
2001-08-23,10000000.0
2001-08-24,10000000.0
2001-08-27,10000000.0
2001-08-28,10000000.0
2001-08-29,10000000.0
2001-08-30,10000000.0
2001-08-31,10000000.0
2001-09-03,10000000.0
2001-09-04,10000000.0
2001-09-05,10000000.0
2001-09-06,10000000.0
2001-09-07,10000000.0
2001-09-10,10000000.0
2001-09-11,10000000.0
2001-09-12,10000000.0
2001-09-13,10000000.0
2001-09-14,10000000.0
2001-09-17,10000000.0
2001-09-18,10000000.0
2001-09-19,10000000.0
2001-09-20,10000000.0
2001-09-21,10000000.0
2001-09-24,10000000.0
2001-09-25,10000000.0
2001-09-26,10000000.0
2001-09-27,10000000.0
2001-09-28,10000000.0
2001-10-01,10000000.0
2001-10-02,10000000.0
2001-10-03,10000000.0
2001-10-04,10000000.0
2001-10-05,10000000.0
2001-10-08,10000000.0
2001-10-09,10000000.0
2001-10-10,10000000.0
2001-10-11,10000000.0
2001-10-12,10000000.0
2001-10-15,10000000.0
2001-10-16,10000000.0
2001-10-17,10000000.0
2001-10-18,10000000.0
2001-10-19,10000000.0
2001-10-22,10000000.0
2001-10-23,10000000.0
2001-10-24,10000000.0
2001-10-25,10000000.0
2001-10-26,10000000.0
2001-10-29,10000000.0
2001-10-30,10000000.0
2001-10-31,10000000.0
2001-11-01,10000000.0
2001-11-02,10000000.0
2001-11-05,10000000.0
2001-11-06,10000000.0
2001-11-07,10000000.0
2001-11-08,10000000.0
2001-11-09,10000000.0
2001-11-12,10000000.0
2001-11-13,10000000.0
2001-11-14,10000000.0
2001-11-15,10000000.0
2001-11-16,10000000.0
2001-11-19,10000000.0
2001-11-20,10000000.0
2001-11-21,10000000.0
2001-11-22,10000000.0
2001-11-23,10000000.0
2001-11-26,10000000.0
2001-11-27,10000000.0
2001-11-28,10000000.0
2001-11-29,10000000.0
2001-11-30,10000000.0
2001-12-03,10000000.0
2001-12-04,10000000.0
2001-12-05,10000000.0
2001-12-06,10000000.0
2001-12-07,10000000.0
2001-12-10,10000000.0
2001-12-11,10000000.0
2001-12-12,10000000.0
2001-12-13,10000000.0
2001-12-14,10000000.0
2001-12-17,10000000.0
2001-12-18,10000000.0
2001-12-19,10000000.0
2001-12-20,10000000.0
2001-12-21,10000000.0
2001-12-24,10000000.0
2001-12-25,10000000.0
2001-12-26,10000000.0
2001-12-27,10000000.0
2001-12-28,10000000.0
2001-12-31,10000000.0
2002-01-01,10000000.0
2002-01-02,10000000.0
2002-01-03,10000000.0
2002-01-04,10000000.0
2002-01-07,10000000.0
2002-01-08,10000000.0
2002-01-09,10000000.0
2002-01-10,10000000.0
2002-01-11,10000000.0
2002-01-14,10000000.0
2002-01-15,10000000.0
2002-01-16,10000000.0
2002-01-17,10000000.0
2002-01-18,10000000.0
2002-01-21,10000000.0
2002-01-22,10000000.0
2002-01-23,10000000.0
2002-01-24,10000000.0
2002-01-25,10000000.0
2002-01-28,10000000.0
2002-01-29,10000000.0
2002-01-30,10000000.0
2002-01-31,10000000.0
2002-02-01,10000000.0
2002-02-04,10000000.0
2002-02-05,10000000.0
2002-02-06,10000000.0
2002-02-07,10000000.0
2002-02-08,10000000.0
2002-02-11,10000000.0
2002-02-12,10000000.0
2002-02-13,10000000.0
2002-02-14,10000000.0
2002-02-15,10000000.0
2002-02-18,10000000.0
2002-02-19,10000000.0
2002-02-20,10000000.0
2002-02-21,10000000.0
2002-02-22,10000000.0
2002-02-25,10000000.0
2002-02-26,10000000.0
2002-02-27,10000000.0
2002-02-28,10000000.0
2002-03-01,10000000.0
2002-03-04,10000000.0
2002-03-05,10000000.0
2002-03-06,10000000.0
2002-03-07,10000000.0
2002-03-08,10000000.0
2002-03-11,10000000.0
2002-03-12,10000000.0
2002-03-13,10000000.0
2002-03-14,10000000.0
2002-03-15,10000000.0
2002-03-18,10000000.0
2002-03-19,10000000.0
2002-03-20,10000000.0
2002-03-21,10000000.0
2002-03-22,10000000.0
2002-03-25,10000000.0
2002-03-26,10000000.0
2002-03-27,10000000.0
2002-03-28,10000000.0
2002-03-29,10000000.0
2002-04-01,10000000.0
2002-04-02,10000000.0
2002-04-03,10000000.0
2002-04-04,10000000.0
2002-04-05,10000000.0
2002-04-08,10000000.0
2002-04-09,10000000.0
2002-04-10,10000000.0
2002-04-11,10000000.0
2002-04-12,10000000.0
2002-04-15,10000000.0
2002-04-16,10000000.0
2002-04-17,10000000.0
2002-04-18,10000000.0
2002-04-19,10000000.0
2002-04-22,10000000.0
2002-04-23,10000000.0
2002-04-24,10000000.0
2002-04-25,10000000.0
2002-04-26,10000000.0
2002-04-29,10000000.0
2002-04-30,10000000.0
2002-05-01,10000000.0
2002-05-02,10000000.0
2002-05-03,10000000.0
2002-05-06,10000000.0
2002-05-07,10000000.0
2002-05-08,10000000.0
2002-05-09,10000000.0
2002-05-10,10000000.0
2002-05-13,10000000.0
2002-05-14,10000000.0
2002-05-15,10000000.0
2002-05-16,10000000.0
2002-05-17,10000000.0
2002-05-20,10000000.0
2002-05-21,10000000.0
2002-05-22,10000000.0
2002-05-23,10000000.0
2002-05-24,10000000.0
2002-05-27,10000000.0
2002-05-28,10000000.0
2002-05-29,10000000.0
2002-05-30,10000000.0
2002-05-31,10000000.0
2002-06-03,10000000.0
2002-06-04,10000000.0
2002-06-05,10000000.0
2002-06-06,10000000.0
2002-06-07,10000000.0
2002-06-10,10000000.0
2002-06-11,10000000.0
2002-06-12,10000000.0
2002-06-13,10000000.0
2002-06-14,10000000.0
2002-06-17,10000000.0
2002-06-18,10000000.0
2002-06-19,10000000.0
2002-06-20,10000000.0
2002-06-21,10000000.0
2002-06-24,10000000.0
2002-06-25,10000000.0
2002-06-26,10000000.0
2002-06-27,10000000.0
2002-06-28,10000000.0
2002-07-01,10000000.0
2002-07-02,10000000.0
2002-07-03,10000000.0
2002-07-04,10000000.0
2002-07-05,10000000.0
2002-07-08,10000000.0
2002-07-09,10000000.0
2002-07-10,10000000.0
2002-07-11,10000000.0
2002-07-12,10000000.0
2002-07-15,10000000.0
2002-07-16,10000000.0
2002-07-17,10000000.0
2002-07-18,10000000.0
2002-07-19,10000000.0
2002-07-22,10000000.0
2002-07-23,10000000.0
2002-07-24,10000000.0
2002-07-25,10000000.0
2002-07-26,10000000.0
2002-07-29,10000000.0
2002-07-30,10000000.0
2002-07-31,10000000.0
2002-08-01,10000000.0
2002-08-02,10000000.0
2002-08-05,10000000.0
2002-08-06,10000000.0
2002-08-07,10000000.0
2002-08-08,10000000.0
2002-08-09,10000000.0
2002-08-12,10000000.0
2002-08-13,10000000.0
2002-08-14,10000000.0
2002-08-15,10000000.0
2002-08-16,10000000.0
2002-08-19,10000000.0
2002-08-20,10000000.0
2002-08-21,10000000.0
2002-08-22,10000000.0
2002-08-23,10000000.0
2002-08-26,10000000.0
2002-08-27,10000000.0
2002-08-28,10000000.0
2002-08-29,10000000.0
2002-08-30,10000000.0
2002-09-02,10000000.0
2002-09-03,10000000.0
2002-09-04,10000000.0
2002-09-05,10000000.0
2002-09-06,10000000.0
2002-09-09,10000000.0
2002-09-10,10000000.0
2002-09-11,10000000.0
2002-09-12,10000000.0
2002-09-13,10000000.0
2002-09-16,10000000.0
2002-09-17,10000000.0
2002-09-18,10000000.0
2002-09-19,10000000.0
2002-09-20,10000000.0
2002-09-23,10000000.0
2002-09-24,10000000.0
2002-09-25,10000000.0
2002-09-26,10000000.0
2002-09-27,10000000.0
2002-09-30,10000000.0
2002-10-01,10000000.0
2002-10-02,10000000.0
2002-10-03,10000000.0
2002-10-04,10000000.0
2002-10-07,10000000.0
2002-10-08,10000000.0
2002-10-09,10000000.0
2002-10-10,10000000.0
2002-10-11,10000000.0
2002-10-14,10000000.0
2002-10-15,10000000.0
2002-10-16,10000000.0
2002-10-17,10000000.0
2002-10-18,10000000.0
2002-10-21,10000000.0
2002-10-22,10000000.0
2002-10-23,10000000.0
2002-10-24,10000000.0
2002-10-25,10000000.0
2002-10-28,10000000.0
2002-10-29,10000000.0
2002-10-30,10000000.0
2002-10-31,10000000.0
2002-11-01,10000000.0
2002-11-04,10000000.0
2002-11-05,10000000.0
2002-11-06,10000000.0
2002-11-07,10000000.0
2002-11-08,10000000.0
2002-11-11,10000000.0
2002-11-12,10000000.0
2002-11-13,10000000.0
2002-11-14,10000000.0
2002-11-15,10000000.0
2002-11-18,10000000.0
2002-11-19,10000000.0
2002-11-20,10000000.0
2002-11-21,10000000.0
2002-11-22,10000000.0
2002-11-25,10000000.0
2002-11-26,10000000.0
2002-11-27,10000000.0
2002-11-28,10000000.0
2002-11-29,10000000.0
2002-12-02,10000000.0
2002-12-03,10000000.0
2002-12-04,10000000.0
2002-12-05,10000000.0
2002-12-06,10000000.0
2002-12-09,10000000.0
2002-12-10,10000000.0
2002-12-11,10000000.0
2002-12-12,10000000.0
2002-12-13,10000000.0
2002-12-16,10000000.0
2002-12-17,10000000.0
2002-12-18,10000000.0
2002-12-19,10000000.0
2002-12-20,10000000.0
2002-12-23,10000000.0
2002-12-24,10000000.0
2002-12-25,10000000.0
2002-12-26,10000000.0
2002-12-27,10000000.0
2002-12-30,10000000.0
2002-12-31,10000000.0
2003-01-01,10000000.0
2003-01-02,10000000.0
2003-01-03,10000000.0
2003-01-06,10000000.0
2003-01-07,10000000.0
2003-01-08,10000000.0
2003-01-09,10000000.0
2003-01-10,10000000.0
2003-01-13,10000000.0
2003-01-14,10000000.0
2003-01-15,10000000.0
2003-01-16,10000000.0
2003-01-17,10000000.0
2003-01-20,10000000.0
2003-01-21,10000000.0
2003-01-22,10000000.0
2003-01-23,10000000.0
2003-01-24,10000000.0
2003-01-27,10000000.0
2003-01-28,10000000.0
2003-01-29,10000000.0
2003-01-30,10000000.0
2003-01-31,10000000.0
2003-02-03,10000000.0
2003-02-04,10000000.0
2003-02-05,10000000.0
2003-02-06,10000000.0
2003-02-07,10000000.0
2003-02-10,10000000.0
2003-02-11,10000000.0
2003-02-12,10000000.0
2003-02-13,10000000.0
2003-02-14,10000000.0
2003-02-17,10000000.0
2003-02-18,10000000.0
2003-02-19,10000000.0
2003-02-20,10000000.0
2003-02-21,10000000.0
2003-02-24,10000000.0
2003-02-25,10000000.0
2003-02-26,10000000.0
2003-02-27,10000000.0
2003-02-28,10000000.0
2003-03-03,10000000.0
2003-03-04,10000000.0
2003-03-05,10000000.0
2003-03-06,10000000.0
2003-03-07,10000000.0
2003-03-10,10000000.0
2003-03-11,10000000.0
2003-03-12,10000000.0
2003-03-13,10000000.0
2003-03-14,10000000.0
2003-03-17,10000000.0
2003-03-18,10000000.0
2003-03-19,10000000.0
2003-03-20,10000000.0
2003-03-21,10000000.0
2003-03-24,10000000.0
2003-03-25,10000000.0
2003-03-26,10000000.0
2003-03-27,10000000.0
2003-03-28,10000000.0
2003-03-31,10000000.0
2003-04-01,10000000.0
2003-04-02,10000000.0
2003-04-03,10000000.0
2003-04-04,10000000.0
2003-04-07,10000000.0
2003-04-08,10000000.0
2003-04-09,10000000.0
2003-04-10,10000000.0
2003-04-11,10000000.0
2003-04-14,10000000.0
2003-04-15,10000000.0
2003-04-16,10000000.0
2003-04-17,10000000.0
2003-04-18,10000000.0
2003-04-21,10000000.0
2003-04-22,10000000.0
2003-04-23,10000000.0
2003-04-24,10000000.0
2003-04-25,10000000.0
2003-04-28,10000000.0
2003-04-29,10000000.0
2003-04-30,10000000.0
2003-05-01,10000000.0
2003-05-02,10000000.0
2003-05-05,10000000.0
2003-05-06,10000000.0
2003-05-07,10000000.0
2003-05-08,10000000.0
2003-05-09,10000000.0
2003-05-12,10000000.0
2003-05-13,10000000.0
2003-05-14,10000000.0
2003-05-15,10000000.0
2003-05-16,10000000.0
2003-05-19,10000000.0
2003-05-20,10000000.0
2003-05-21,10000000.0
2003-05-22,10000000.0
2003-05-23,10000000.0
2003-05-26,10000000.0
2003-05-27,10000000.0
2003-05-28,10000000.0
2003-05-29,10000000.0
2003-05-30,10000000.0
2003-06-02,10000000.0
2003-06-03,10000000.0
2003-06-04,10000000.0
2003-06-05,10000000.0
2003-06-06,10000000.0
2003-06-09,10000000.0
2003-06-10,10000000.0
2003-06-11,10000000.0
2003-06-12,10000000.0
2003-06-13,10000000.0
2003-06-16,10000000.0
2003-06-17,10000000.0
2003-06-18,10000000.0
2003-06-19,10000000.0
2003-06-20,10000000.0
2003-06-23,10000000.0
2003-06-24,10000000.0
2003-06-25,10000000.0
2003-06-26,10000000.0
2003-06-27,10000000.0
2003-06-30,10000000.0
2003-07-01,10000000.0
2003-07-02,10000000.0
2003-07-03,10000000.0
2003-07-04,10000000.0
2003-07-07,10000000.0
2003-07-08,10000000.0
2003-07-09,10000000.0
2003-07-10,10000000.0
2003-07-11,10000000.0
2003-07-14,10000000.0
2003-07-15,10000000.0
2003-07-16,10000000.0
2003-07-17,10000000.0
2003-07-18,10000000.0
2003-07-21,10000000.0
2003-07-22,10000000.0
2003-07-23,10000000.0
2003-07-24,10000000.0
2003-07-25,10000000.0
2003-07-28,10000000.0
2003-07-29,10000000.0
2003-07-30,10000000.0
2003-07-31,10000000.0
2003-08-01,10000000.0
2003-08-04,10000000.0
2003-08-05,10000000.0
2003-08-06,10000000.0
2003-08-07,10000000.0
2003-08-08,10000000.0
2003-08-11,10000000.0
2003-08-12,10000000.0
2003-08-13,10000000.0
2003-08-14,10000000.0
2003-08-15,10000000.0
2003-08-18,10000000.0
2003-08-19,10000000.0
2003-08-20,10000000.0
2003-08-21,10000000.0
2003-08-22,10000000.0
2003-08-25,10000000.0
2003-08-26,10000000.0
2003-08-27,10000000.0
2003-08-28,10000000.0
2003-08-29,10000000.0
2003-09-01,10000000.0
2003-09-02,10000000.0
2003-09-03,10000000.0
2003-09-04,10000000.0
2003-09-05,10000000.0
2003-09-08,10000000.0
2003-09-09,10000000.0
2003-09-10,10000000.0
2003-09-11,10000000.0
2003-09-12,10000000.0
2003-09-15,10000000.0
2003-09-16,10000000.0
2003-09-17,10000000.0
2003-09-18,10000000.0
2003-09-19,10000000.0
2003-09-22,10000000.0
2003-09-23,10000000.0
2003-09-24,10000000.0
2003-09-25,10000000.0
2003-09-26,10000000.0
2003-09-29,10000000.0
2003-09-30,10000000.0
2003-10-01,10000000.0
2003-10-02,10000000.0
2003-10-03,10000000.0
2003-10-06,10000000.0
2003-10-07,10000000.0
2003-10-08,10000000.0
2003-10-09,10000000.0
2003-10-10,10000000.0
2003-10-13,10000000.0
2003-10-14,10000000.0
2003-10-15,10000000.0
2003-10-16,10000000.0
2003-10-17,10000000.0
2003-10-20,10000000.0
2003-10-21,10000000.0
2003-10-22,10000000.0
2003-10-23,10000000.0
2003-10-24,10000000.0
2003-10-27,10000000.0
2003-10-28,10000000.0
2003-10-29,10000000.0
2003-10-30,10000000.0
2003-10-31,10000000.0
2003-11-03,10000000.0
2003-11-04,10000000.0
2003-11-05,10000000.0
2003-11-06,10000000.0
2003-11-07,10000000.0
2003-11-10,10000000.0
2003-11-11,10000000.0
2003-11-12,10000000.0
2003-11-13,10000000.0
2003-11-14,10000000.0
2003-11-17,10000000.0
2003-11-18,10000000.0
2003-11-19,10000000.0
2003-11-20,10000000.0
2003-11-21,10000000.0
2003-11-24,10000000.0
2003-11-25,10000000.0
2003-11-26,10000000.0
2003-11-27,10000000.0
2003-11-28,10000000.0
2003-12-01,10000000.0
2003-12-02,10000000.0
2003-12-03,10000000.0
2003-12-04,10000000.0
2003-12-05,10000000.0
2003-12-08,10000000.0
2003-12-09,10000000.0
2003-12-10,10000000.0
2003-12-11,10000000.0
2003-12-12,10000000.0
2003-12-15,10000000.0
2003-12-16,10000000.0
2003-12-17,10000000.0
2003-12-18,10000000.0
2003-12-19,10000000.0
2003-12-22,10000000.0
2003-12-23,10000000.0
2003-12-24,10000000.0
2003-12-25,10000000.0
2003-12-26,10000000.0
2003-12-29,10000000.0
2003-12-30,10000000.0
2003-12-31,10000000.0
2004-01-01,10000000.0
2004-01-02,10000000.0
2004-01-05,10000000.0
2004-01-06,10000000.0
2004-01-07,10000000.0
2004-01-08,10000000.0
2004-01-09,10000000.0
2004-01-12,10000000.0
2004-01-13,10000000.0
2004-01-14,10000000.0
2004-01-15,10000000.0
2004-01-16,10000000.0
2004-01-19,10000000.0
2004-01-20,10000000.0
2004-01-21,10000000.0
2004-01-22,10000000.0
2004-01-23,10000000.0
2004-01-26,10000000.0
2004-01-27,10000000.0
2004-01-28,10000000.0
2004-01-29,10000000.0
2004-01-30,10000000.0
2004-02-02,10000000.0
2004-02-03,10000000.0
2004-02-04,10000000.0
2004-02-05,10000000.0
2004-02-06,10000000.0
2004-02-09,10000000.0
2004-02-10,10000000.0
2004-02-11,10000000.0
2004-02-12,10000000.0
2004-02-13,10000000.0
2004-02-16,10000000.0
2004-02-17,10000000.0
2004-02-18,10000000.0
2004-02-19,10000000.0
2004-02-20,10000000.0
2004-02-23,10000000.0
2004-02-24,10000000.0
2004-02-25,10000000.0
2004-02-26,10000000.0
2004-02-27,10000000.0
2004-03-01,10000000.0
2004-03-02,10000000.0
2004-03-03,10000000.0
2004-03-04,10000000.0
2004-03-05,10000000.0
2004-03-08,10000000.0
2004-03-09,10000000.0
2004-03-10,10000000.0
2004-03-11,10000000.0
2004-03-12,10000000.0
2004-03-15,10000000.0
2004-03-16,10000000.0
2004-03-17,10000000.0
2004-03-18,10000000.0
2004-03-19,10000000.0
2004-03-22,10000000.0
2004-03-23,10000000.0
2004-03-24,10000000.0
2004-03-25,10000000.0
2004-03-26,10000000.0
2004-03-29,10000000.0
2004-03-30,10000000.0
2004-03-31,10000000.0
2004-04-01,10000000.0
2004-04-02,10000000.0
2004-04-05,10000000.0
2004-04-06,10000000.0
2004-04-07,10000000.0
2004-04-08,10000000.0
2004-04-12,10000000.0
2004-04-13,10000000.0
2004-04-14,10000000.0
2004-04-15,10000000.0
2004-04-16,10000000.0
2004-04-19,10000000.0
2004-04-20,10000000.0
2004-04-21,10000000.0
2004-04-22,10000000.0
2004-04-23,10000000.0
2004-04-26,10000000.0
2004-04-27,10000000.0
2004-04-28,10000000.0
2004-04-29,10000000.0
2004-04-30,10000000.0
2004-05-03,10000000.0
2004-05-04,10000000.0
2004-05-05,10000000.0
2004-05-06,10000000.0
2004-05-07,10000000.0
2004-05-10,10000000.0
2004-05-11,10000000.0
2004-05-12,10000000.0
2004-05-13,10000000.0
2004-05-14,10000000.0
2004-05-17,10000000.0
2004-05-18,10000000.0
2004-05-19,10000000.0
2004-05-20,10000000.0
2004-05-21,10000000.0
2004-05-24,10000000.0
2004-05-25,10000000.0
2004-05-26,10000000.0
2004-05-27,10000000.0
2004-05-28,10000000.0
2004-05-31,10000000.0
2004-06-01,10000000.0
2004-06-02,10000000.0
2004-06-03,10000000.0
2004-06-04,10000000.0
2004-06-07,10000000.0
2004-06-08,10000000.0
2004-06-09,10000000.0
2004-06-10,10000000.0
2004-06-11,10000000.0
2004-06-14,10000000.0
2004-06-15,10000000.0
2004-06-16,10000000.0
2004-06-17,10000000.0
2004-06-18,10000000.0
2004-06-21,10000000.0
2004-06-22,10000000.0
2004-06-23,10000000.0
2004-06-24,10000000.0
2004-06-25,10000000.0
2004-06-28,10000000.0
2004-06-29,10000000.0
2004-06-30,10000000.0
2004-07-01,10000000.0
2004-07-02,10000000.0
2004-07-05,10000000.0
2004-07-06,10000000.0
2004-07-07,10000000.0
2004-07-08,10000000.0
2004-07-09,10000000.0
2004-07-12,10000000.0
2004-07-13,10000000.0
2004-07-14,10000000.0
2004-07-15,10000000.0
2004-07-16,10000000.0
2004-07-19,10000000.0
2004-07-20,10000000.0
2004-07-21,10000000.0
2004-07-22,10000000.0
2004-07-23,10000000.0
2004-07-26,10000000.0
2004-07-27,10000000.0
2004-07-28,10000000.0
2004-07-29,10000000.0
2004-07-30,10000000.0
2004-08-02,10000000.0
2004-08-03,10000000.0
2004-08-04,10000000.0
2004-08-05,10000000.0
2004-08-06,10000000.0
2004-08-09,10000000.0
2004-08-10,10000000.0
2004-08-11,10000000.0
2004-08-12,10000000.0
2004-08-13,10000000.0
2004-08-16,10000000.0
2004-08-17,10000000.0
2004-08-18,10000000.0
2004-08-19,10000000.0
2004-08-20,10000000.0
2004-08-23,10000000.0
2004-08-24,10000000.0
2004-08-25,10000000.0
2004-08-26,10000000.0
2004-08-27,10000000.0
2004-08-30,10000000.0
2004-08-31,10000000.0
2004-09-01,10000000.0
2004-09-02,10000000.0
2004-09-03,10000000.0
2004-09-06,10000000.0
2004-09-07,10000000.0
2004-09-08,10000000.0
2004-09-09,10000000.0
2004-09-10,10000000.0
2004-09-13,10000000.0
2004-09-14,10000000.0
2004-09-15,10000000.0
2004-09-16,10000000.0
2004-09-17,10000000.0
2004-09-20,10000000.0
2004-09-21,10000000.0
2004-09-22,10000000.0
2004-09-23,10000000.0
2004-09-24,10000000.0
2004-09-27,10000000.0
2004-09-28,10000000.0
2004-09-29,10000000.0
2004-09-30,10000000.0
2004-10-01,10000000.0
2004-10-04,10000000.0
2004-10-05,10000000.0
2004-10-06,10000000.0
2004-10-07,10000000.0
2004-10-08,10000000.0
2004-10-11,10000000.0
2004-10-12,10000000.0
2004-10-13,10000000.0
2004-10-14,10000000.0
2004-10-15,10000000.0
2004-10-18,10000000.0
2004-10-19,10000000.0
2004-10-20,10000000.0
2004-10-21,10000000.0
2004-10-22,10000000.0
2004-10-25,10000000.0
2004-10-26,10000000.0
2004-10-27,10000000.0
2004-10-28,10000000.0
2004-10-29,10000000.0
2004-11-01,10000000.0
2004-11-02,10000000.0
2004-11-03,10000000.0
2004-11-04,10000000.0
2004-11-05,10000000.0
2004-11-08,10000000.0
2004-11-09,10000000.0
2004-11-10,10000000.0
2004-11-11,10000000.0
2004-11-12,10000000.0
2004-11-15,10000000.0
2004-11-16,10000000.0
2004-11-17,10000000.0
2004-11-18,10000000.0
2004-11-19,10000000.0
2004-11-22,10000000.0
2004-11-23,10000000.0
2004-11-24,10000000.0
2004-11-25,10000000.0
2004-11-26,10000000.0
2004-11-29,10000000.0
2004-11-30,10000000.0
2004-12-01,10000000.0
2004-12-02,10000000.0
2004-12-03,10000000.0
2004-12-06,10000000.0
2004-12-07,10000000.0
2004-12-08,10000000.0
2004-12-09,10000000.0
2004-12-10,10000000.0
2004-12-13,10000000.0
2004-12-14,10000000.0
2004-12-15,10000000.0
2004-12-16,10000000.0
2004-12-17,10000000.0
2004-12-20,10000000.0
2004-12-21,10000000.0
2004-12-22,10000000.0
2004-12-23,10000000.0
2004-12-24,10000000.0
2004-12-27,10000000.0
2004-12-28,10000000.0
2004-12-29,10000000.0
2004-12-30,10000000.0
2004-12-31,10000000.0
2005-01-03,10000000.0
2006-01-02,10000000.0
2006-01-03,10000584.278262569
2006-01-04,10000834.725529484
2006-01-05,10000626.025642069
2006-01-06,10000876.435898898
2006-01-09,10001001.64102731
2006-01-10,10000542.567893157
2006-01-11,10000563.423077863
2006-01-12,10000584.278262569
2006-01-13,10000500.820513656
2006-01-16,10000000.0
2006-01-17,10000250.410256827
2006-01-18,10000125.205128415
2006-01-19,10000751.230770484
2006-01-20,10001293.79866364
2006-01-23,10000417.362764742
2006-01-24,10000459.073134154
2006-01-25,10000250.410256827
2006-01-26,10000187.80769262
2006-01-27,10000125.205128415
2006-01-30,10000333.868005741
2006-01-31,10000083.457748912
2006-02-01,9999958.2526205
2006-02-02,9998622.706577359
2006-02-03,9998163.596433116
2006-02-06,9999749.589743173
2006-02-07,9998998.3219626
2006-02-08,9998080.138684202
2006-02-09,9998059.264994452
2006-02-10,9998038.391304702
2006-02-13,9998622.706577359
2006-02-14,9998330.548941031
2006-02-15,9998372.259310443
2006-02-16,10000250.410256827
2006-02-17,9998914.864213686
2006-02-20,9998205.343812617
2006-02-21,9998414.006689943
2006-02-22,9998372.259310443
2006-02-23,9997829.691417286
2006-02-24,9998121.849053616
2006-02-27,9998288.801561529
2006-02-28,9998080.138684202
2006-03-01,9998372.259310443
2006-03-02,9998163.596433116
2006-03-03,9997954.8965457
2006-03-06,9997621.02853996
2006-03-07,9997328.870903632
2006-03-08,9997161.918395717
2006-03-09,9997328.870903632
2006-03-10,9997245.413154718
2006-03-13,9996911.508138888
2006-03-14,9996744.555630974
2006-03-15,9996556.747938354
2006-03-16,9996368.940245733
2006-03-17,9996368.940245733
2006-03-20,9997036.713267302
2006-03-21,9996494.145374145
2006-03-22,9995993.32486049
2006-03-23,9996118.529988904
2006-03-24,9997996.643925201
2006-03-27,9999540.889855757
2006-03-28,9998831.369454686
2006-03-29,9999833.047492085
2006-03-30,9999040.069342101
2006-03-31,10000018.579064282
2006-04-03,10003701.971083278
2006-04-04,10003492.679034451
2006-04-05,10003074.131946886
2006-04-06,10002927.627512708
2006-04-07,10002781.123078529
2006-04-10,10002571.831029702
2006-04-11,10001964.921098193
2006-04-12,10001358.011166684
2006-04-13,9999516.315157186
2006-04-17,10000813.851839734
2006-04-18,10001023.143888561
2006-04-19,10000939.42706903
2006-04-20,10000939.42706903
2006-04-21,10000186.012703342
2006-04-24,10000395.30475217
2006-04-25,10000269.729522873
2006-04-26,10000813.851839734
2006-04-27,10000311.587932639
2006-04-28,10000018.579064282
2006-05-01,10005669.223817028
2006-05-02,10011319.868569775
2006-05-03,10023583.827479694
2006-05-04,10038275.500135828
2006-05-05,10047065.359075576
2006-05-08,10055059.982249962
2006-05-09,10055897.11343518
2006-05-10,10066444.951564897
2006-05-11,10078081.071338426
2006-05-12,10084485.111951815
2006-05-15,10091182.161433563
2006-05-16,10096916.541510886
2006-05-17,10104241.430129025
2006-05-18,10108008.501957463
2006-05-19,10101897.47021243
2006-05-22,10094321.4311357
2006-05-23,10087205.797556298
2006-05-24,10080383.172845254
2006-05-25,10074439.537729194
2006-05-26,10080634.323303847
2006-05-29,10087163.939146532
2006-05-30,10093986.563857576
2006-05-31,10101185.914256508
2006-06-01,10108720.094923474
2006-06-02,10104199.571719259
2006-06-05,10096497.957413232
2006-06-06,10089214.927204857
2006-06-07,10082266.727264518
2006-06-08,10075695.253012067
2006-06-09,10069416.750617884
2006-06-12,10063473.152511911
2006-06-13,10057822.48925412
2006-06-14,10052464.871874776
2006-06-15,10047358.367943935
2006-06-16,10052130.004596652
2006-06-19,10057236.508527495
2006-06-20,10062594.162916929
2006-06-21,10068202.930754865
2006-06-22,10062970.851594727
2006-06-23,10063849.841189712
2006-06-26,10059831.618902681
2006-06-27,10055855.255025415
2006-06-28,10054390.247693716
2006-06-29,10053971.70060615
2006-06-30,10058910.77089793
2006-07-03,10054808.83179137
2006-07-04,10053594.974918263
2006-07-05,10055227.378878934
2006-07-06,10054264.709474508
2006-07-07,10051083.581362607
2006-07-10,10050054.120347342
2006-07-11,10049228.358939968
2006-07-12,10052074.773720415
2006-07-13,10053358.626744509
2006-07-14,10048721.23270752
2006-07-17,10043303.555838022
2006-07-18,10039769.93883517
2006-07-19,10036421.414094295
2006-07-20,10039718.873880148
2006-07-21,10033798.165977888
2006-07-24,10035279.331392609
2006-07-25,10035045.528364953
2006-07-26,10036634.80134281
2006-07-27,10040568.10495879
2006-07-28,10041431.910355426
2006-07-31,10040803.528761564
2006-08-01,10038388.842578404
2006-08-02,10039965.858417522
2006-08-03,10043835.387304703
2006-08-04,10041516.323579095
2006-08-07,10041559.45456191
2006-08-08,10043777.14284507
2006-08-09,10046293.013513923
2006-08-10,10059065.7564415
2006-08-11,10062638.147549193
2006-08-14,10063780.002284037
2006-08-15,10065879.960160766
2006-08-16,10067979.918037497
2006-08-17,10061756.10736073
2006-08-18,10057539.996514158
2006-08-21,10056483.790565943
2006-08-22,10054012.79189025
2006-08-23,10050745.318587583
2006-08-24,10048008.943337372
2006-08-25,10051362.869562423
2006-08-28,10054990.491546357
2006-08-29,10056095.350196788
2006-08-30,10052437.587783003
2006-08-31,10049281.583828934
2006-09-01,10049827.71213307
2006-09-04,10055228.11229316
2006-09-05,10057584.711262003
2006-09-06,10057820.677522248
2006-09-07,10055630.430576172
2006-09-08,10055950.686526213
2006-09-11,10051635.86561852
2006-09-12,10048199.843349054
2006-09-13,10050599.767556114
2006-09-14,10053674.75378342
2006-09-15,10054851.962774184
2006-09-18,10057604.724074263
2006-09-19,10057284.082912065
2006-09-20,10055580.252982043
2006-09-21,10059223.407366391
2006-09-22,10056096.431813084
2006-09-25,10054069.486296294
2006-09-26,10054627.138324942
2006-09-27,10055881.771991521
2006-09-28,10057712.064511731
2006-09-29,10062650.247442618
2006-10-02,10061790.880876696
2006-10-03,10060931.514310773
2006-10-04,10064850.246188788
2006-10-05,10072907.693943907
2006-10-06,10068780.492498348
2006-10-09,10075361.406133624
2006-10-10,10071317.099026315
2006-10-11,10069071.002989704
2006-10-12,10070355.658467762
2006-10-13,10069931.51148049
2006-10-16,10069040.120714141
2006-10-17,10065038.673849262
2006-10-18,10065862.433296164
2006-10-19,10065968.508464323
2006-10-20,10067055.216985302
2006-10-23,10066011.60793687
2006-10-24,10067410.56603756
2006-10-25,10068809.524138246
2006-10-26,10070208.482238933
2006-10-27,10074376.86744455
2006-10-30,10072757.501948055
2006-10-31,10074945.14323884
2006-11-01,10079230.73853797
2006-11-02,10082494.906628061
2006-11-03,10082243.028255064
2006-11-06,10092572.34018964
2006-11-07,10091546.753728518
2006-11-08,10082577.472084137
2006-11-09,10090246.767072482
2006-11-10,10091634.16172401
2006-11-13,10091453.531772902
2006-11-14,10089319.860379484
2006-11-15,10087256.869926278
2006-11-16,10097506.520898638
2006-11-17,10090970.057743356
2006-11-20,10083076.434700591
2006-11-21,10091078.4261559
2006-11-22,10098115.741867868
2006-11-23,10114602.439257763
2006-11-24,10130389.818166958
2006-11-27,10132666.048283312
2006-11-28,10135564.393753177
2006-11-29,10143732.95690091
2006-11-30,10142744.954301657
2006-12-01,10144616.735519687
2006-12-04,10149074.371111441
2006-12-05,10146854.311745694
2006-12-06,10157868.150867768
2006-12-07,10169248.220331052
2006-12-08,10175675.140727442
2006-12-11,10177745.729297843
2006-12-12,10163606.585736979
2006-12-13,10167131.856205326
2006-12-14,10169637.931092815
2006-12-15,10171443.61293448
2006-12-18,10175003.872990118
2006-12-19,10161940.14928753
2006-12-20,10155606.333919715
2006-12-21,10157256.496447576
2006-12-22,10157215.435358934
2006-12-26,10163497.039917631
2006-12-27,10173035.951312974
2006-12-28,10171065.863180723
2006-12-29,10166020.562189866
2008-01-02,11145027.982146507
2008-01-03,11137384.593703086
2008-01-04,11132258.134485915
2008-01-07,11143576.246480526
2008-01-08,11131965.718196955
2008-01-09,11128071.04759385
2008-01-10,11115173.9084421
2008-01-11,11112224.733704433
2008-01-14,11118280.5927695
2008-01-15,11110495.308663217
2008-01-16,11107315.252788465
2008-01-17,11116375.336767903
2008-01-18,11103500.188106991
2008-01-21,11087232.347404946
2008-01-22,11071509.282366294
2008-01-23,11089777.658858573
2008-01-24,11082538.24553701
2008-01-25,11098352.151411358
2008-01-28,11093456.371731939
2008-01-29,11093415.405471405
2008-01-30,11081855.030726954
2008-01-31,11078204.709227161
2008-02-01,11077601.426160391
2008-02-04,11086532.032936944
2008-02-05,11090966.422470463
2008-02-06,11087109.431519296
2008-02-07,11076752.072300456
2008-02-08,11071601.933504885
2008-02-11,11059320.470598198
2008-02-12,11055098.922051458
2008-02-13,11048647.448733836
2008-02-14,11061964.489869807
2008-02-15,11070470.877896275
2008-02-18,11067791.385820497
2008-02-19,11066065.846238365
2008-02-20,11062936.694648352
2008-02-21,11063156.913678113
2008-02-22,11061310.967484627
2008-02-25,11060078.685903031
2008-02-26,11060672.94721319
2008-02-27,11062094.93673974
2008-02-28,11058957.13637439
2008-02-29,11055233.162843928
2008-03-03,11046694.140622204
2008-03-04,11038196.187504284
2008-03-05,11034835.342847195
2008-03-06,11029209.215713419
2008-03-07,11023583.088579644
2008-03-10,11015329.278702768
2008-03-11,11030499.229347818
2008-03-12,11029198.93095196
2008-03-13,11011506.88988189
2008-03-14,11017594.69740633
2008-03-17,10998712.533139016
2008-03-18,10989626.991159502
2008-03-19,10988034.687829817
2008-03-20,10980990.580721289
2008-03-24,10973946.473612769
2008-03-25,11002686.208654976
2008-03-26,11002835.1549743
2008-03-27,11003374.13639851
2008-03-28,11017936.75030195
2008-03-31,11011589.401094522
2008-04-01,11014081.994591663
2008-04-02,11011788.551134136
2008-04-03,11012528.74966537
2008-04-04,11006003.998021958
2008-04-07,11009471.679964226
2008-04-08,11006823.188841267
2008-04-09,11008408.46677463
2008-04-10,11012220.06486313
2008-04-11,11011568.117827445
2008-04-14,11016759.87183039
2008-04-15,11021951.625833327
2008-04-16,11029991.303752089
2008-04-17,11043533.340979755
2008-04-18,11049100.915960051
2008-04-21,11054668.490940345
2008-04-22,11053810.261631953
2008-04-23,11057440.397081206
2008-04-24,11052901.888972647
2008-04-25,11052317.223594986
2008-04-28,11053841.357500013
2008-04-29,11057728.357560426
2008-04-30,11069368.126824297
2008-05-01,11075087.407152198
2008-05-02,11080806.687480101
2008-05-05,11082908.858536623
2008-05-06,11079163.430139944
2008-05-07,11080274.303925462
2008-05-08,11070377.890084188
2008-05-09,11062205.365981046
2008-05-12,11060801.219994247
2008-05-13,11061342.47431216
2008-05-14,11061950.73496707
2008-05-15,11068133.764792377
2008-05-16,11070780.748633264
2008-05-19,11070478.469798854
2008-05-20,11070176.190964445
2008-05-21,11075239.923662664
2008-05-22,11069433.50104292
2008-05-23,11074221.147846382
2008-05-26,11059209.202161318
2008-05-27,11052914.894951373
2008-05-28,11058598.772430187
2008-05-29,11057127.832193406
2008-05-30,11055163.421750441
2008-06-02,11046030.480087169
2008-06-03,11044006.08823685
2008-06-04,11031527.166118283
2008-06-05,11031269.956607506
2008-06-06,11024619.088562593
2008-06-09,11011453.239399329
2008-06-10,11006097.309224857
2008-06-11,11012998.36981626
2008-06-12,11017972.196240038
2008-06-13,11023996.51113259
2008-06-16,11027045.346167432
2008-06-17,11040930.327384535
2008-06-18,11043418.83533037
2008-06-19,11033908.2970551
2008-06-20,11014358.366731187
2008-06-23,10990523.905330487
2008-06-24,10976371.581874743
2008-06-25,10986968.994807206
2008-06-26,10982978.188144857
2008-06-27,10965512.85932785
2008-06-30,10945245.272466725
2008-07-01,10919864.026567793
2008-07-02,10948279.770387407
2008-07-03,10928652.307554832
2008-07-04,10950853.065981694
2008-07-07,10959686.821132617
2008-07-08,10955453.98074715
2008-07-09,10974141.711848365
2008-07-10,10974924.30736816
2008-07-11,10956090.090967787
2008-07-14,10954147.895761613
2008-07-15,10929337.032689832
2008-07-16,10916078.196528459
2008-07-17,10921885.833295887
2008-07-18,10928543.00102605
2008-07-21,10925121.718118073
2008-07-22,10937239.156242546
2008-07-23,10971270.969326967
2008-07-24,10962189.468189172
2008-07-25,10961015.368645035
2008-07-28,10964692.480847647
2008-07-29,10955364.481283115
2008-07-30,10974028.778135078
2008-07-31,10964853.552250478
2008-08-01,10973648.099489937
2008-08-04,10983638.106668532
2008-08-05,11003519.326489016
2008-08-06,10999358.228626266
2008-08-07,11003518.450214883
2008-08-08,11020948.523251588
2008-08-11,11033867.291523654
2008-08-12,11026219.95381665
2008-08-13,11033910.181617647
2008-08-14,11013625.67400024
2008-08-15,11010236.400924176
2008-08-18,11006847.127848111
2008-08-19,11009776.368941544
2008-08-20,11021547.346095366
2008-08-21,10994813.473864537
2008-08-22,11001060.004728163
2008-08-25,11000897.83992565
2008-08-26,11005341.449093144
2008-08-27,10995166.513288053
2008-08-28,10979684.132918801
2008-08-29,11002777.22724923
2008-09-01,11005848.340716144
2008-09-02,11016692.542141734
2008-09-03,11014341.215184433
2008-09-04,11011989.888227135
2008-09-05,11006255.640891572
2008-09-08,11031620.058755435
2008-09-09,11023625.68033771
2008-09-10,11004961.610403541
2008-09-11,10991884.882709896
2008-09-12,10966785.952985935
2008-09-15,10912329.462097714
2008-09-16,10890042.367911363
2008-09-17,10879202.16411294
2008-09-18,10863760.558021395
2008-09-19,10894260.980078874
2008-09-22,10891950.858556464
2008-09-23,10886572.885890836
2008-09-24,10888980.283121957
2008-09-25,10879305.698392864
2008-09-26,10845468.638143538
2008-09-29,10789453.820072543
2008-09-30,10794882.312761262
2008-10-01,10803589.791900842
2008-10-02,10786293.69841616
2008-10-03,10768997.60493148
2008-10-06,10687824.062348245
2008-10-07,10662083.352271525
2008-10-08,10595060.232790466
2008-10-09,10541625.946388911
2008-10-10,10488191.65998736
2008-10-13,10549650.348205702
2008-10-14,10579015.424726715
2008-10-15,10498125.0305223
2008-10-16,10477831.465803161
2008-10-17,10414842.14712356
2008-10-20,10417207.05425801
2008-10-21,10460923.755164133
2008-10-22,10421966.735105442
2008-10-23,10342907.771157779
2008-10-24,10146663.754411953
2008-10-27,10059892.416111216
2008-10-28,10230674.117463442
2008-10-29,10205997.457935302
2008-10-30,10261231.956686348
2008-10-31,10316466.455437392
2008-11-03,10444855.185396751
2008-11-04,10530146.520662552
2008-11-05,10452030.066538036
2008-11-06,10372124.715190705
2008-11-07,10405158.321189627
2008-11-10,10518386.917453285
2008-11-11,10408908.495771175
2008-11-12,10335644.387656407
2008-11-13,10312274.874164471
2008-11-14,10288905.360672526
2008-11-17,10220849.766178217
2008-11-18,10137443.341880668
2008-11-19,10084382.844345363
2008-11-20,10017426.760040669
2008-11-21,10039956.041834243
2008-11-24,10030390.165749857
2008-11-25,9991965.991413627
2008-11-26,9986447.066332234
2008-11-27,9982140.913298756
2008-11-28,9970999.718040416
2008-12-01,9943013.167196512
2008-12-02,9915536.347762438
2008-12-03,9948333.123394364
2008-12-04,10049759.672305675
2008-12-05,10033653.352441903
2008-12-08,10062201.506989945
2008-12-09,10116247.795682766
2008-12-10,10170294.084375598
2008-12-11,10207665.275262851
2008-12-12,10261364.846103262
2008-12-15,10379182.326303039
2008-12-16,10484051.836240731
2008-12-17,10363030.003258761
2008-12-18,10425836.306470962
2008-12-19,10469227.568023657
2008-12-22,10461304.885314293
2008-12-23,10375753.121102812
2008-12-24,10346318.98689688
2008-12-26,10291288.691971686
2008-12-29,10328035.881497063
2008-12-30,10401381.606456824
2008-12-31,10418844.822852947
2009-01-01,10523226.52034065
2009-01-02,10594775.86405602
2009-01-05,10679217.424822262
2009-01-06,10717140.8367208
2009-01-07,10482569.678785834
2009-01-08,10426387.332667423
2009-01-09,10381007.838934297
2009-01-12,10316120.164303616
2009-01-13,10264378.214554837
2009-01-14,10318882.51894671
2009-01-15,10254741.042731475
2009-01-16,10260897.154565457
2009-01-19,10276588.597831603
2009-01-20,10252901.49973389
2009-01-21,10183076.318494387
2009-01-22,10099439.35905909
2009-01-23,10027604.149010487
2009-01-26,10045868.855836064
2009-01-27,10059885.820830667
2009-01-28,10113707.197527409
2009-01-29,10103144.590800392
2009-01-30,10135949.600123335
2009-02-02,10072143.265965285
2009-02-03,10052428.237765616
2009-02-04,10053819.809435768
2009-02-05,10032865.514761778
2009-02-06,10090332.14872242
2009-02-09,10163332.281919044
2009-02-10,10170842.714013606
2009-02-11,10177702.332642402
2009-02-12,10175221.504774084
2009-02-13,10218499.656983923
2009-02-16,10141656.14050464
2009-02-17,10069378.893900217
2009-02-18,10054171.623386415
2009-02-19,10047849.101272209
2009-02-20,9990578.708964145
2009-02-23,9969454.753645686
2009-02-24,9951200.350577855
2009-02-25,9976971.584323995
2009-02-26,9964476.083258538
2009-02-27,9957969.347351808
2009-03-02,9889922.97573481
2009-03-03,9853036.594241971
2009-03-04,9859674.791543808
2009-03-05,9814926.839472432
2009-03-06,9813078.190183979
2009-03-09,9767313.070442738
2009-03-10,9776622.607160486
2009-03-11,9780874.885382425
2009-03-12,9793295.37038849
2009-03-13,9896334.428313054
2009-03-16,9977286.51335178
2009-03-17,9982900.224631885
2009-03-18,10046849.63861166
2009-03-19,10074555.925958872
2009-03-20,10074127.658777786
2009-03-23,10184747.08918995
2009-03-24,10178761.818150088
2009-03-25,10211749.290199589
2009-03-26,10263808.44662663
2009-03-27,10360441.419691842
2009-03-30,10286410.927546008
2009-03-31,10365607.766857462
2009-04-01,10446302.8351493
2009-04-02,10607491.314252637
2009-04-03,10643779.57609152
2009-04-06,10685400.688318256
2009-04-07,10755304.274883527
2009-04-08,10831498.978166666
2009-04-09,10888161.289967395
2009-04-13,11009618.705560464
2009-04-14,11098978.13823992
2009-04-15,11191800.00472531
2009-04-16,10983025.385252219
2009-04-17,11008553.910563579
2009-04-20,11047679.35644571
2009-04-21,11060123.914710427
2009-04-22,10992833.018912822
2009-04-23,11080006.958042083
2009-04-24,11147000.010410877
2009-04-27,11135826.361278813
2009-04-28,10983539.007527703
2009-04-29,11070147.07456344
2009-04-30,11140352.341692174
2009-05-01,11210057.787854368
2009-05-04,11277991.631027222
2009-05-05,11384872.084023703
2009-05-06,11346607.383944869
2009-05-07,11525752.92439552
2009-05-08,11499309.272357877
2009-05-11,11411523.288740847
2009-05-12,11490734.668279791
2009-05-13,11493212.300275212
2009-05-14,11522266.509564145
2009-05-15,11572630.404286873
2009-05-18,12115166.488735754
2009-05-19,12242393.43371293
2009-05-20,12606937.283423731
2009-05-21,12633145.106995057
2009-05-22,12759192.13760138
2009-05-25,12920029.365831811
2009-05-26,12689561.459210016
2009-05-27,12924534.679116767
2009-05-28,12979805.46336449
2009-05-29,13148318.394850317
2009-06-01,13368128.532566812
2009-06-02,13390786.584907021
2009-06-03,13552459.501429543
2009-06-04,13641114.956984298
2009-06-05,13644702.428307232
2009-06-08,13284441.02141294
2009-06-09,13475369.298172344
2009-06-10,13564522.07045584
2009-06-11,13554256.746542988
2009-06-12,13479428.006471777
2009-06-15,13324332.846965248
2009-06-16,13412972.334527727
2009-06-17,13182555.663150378
2009-06-18,12950758.77513353
2009-06-19,13024145.872342804
2009-06-22,12986177.832004532
2009-06-23,12965558.348331803
2009-06-24,13130366.184547996
2009-06-25,13121856.514595544
2009-06-26,13256802.230466492
2009-06-29,13322638.038604561
2009-06-30,13141983.636196977
2009-07-01,13203740.97999012
2009-07-02,13227062.546573592
2009-07-03,13289061.129422555
2009-07-06,12981724.115600506
2009-07-07,13023667.878318718
2009-07-08,12840236.25095742
2009-07-09,12854451.382664336
2009-07-10,12765656.019236207
2009-07-13,12613043.937749617
2009-07-14,12854405.687376402
2009-07-15,13083042.030053215
2009-07-16,13119599.634963525
2009-07-17,13327999.174346698
2009-07-20,13523930.493651023
2009-07-21,13552764.634984208
2009-07-22,13508945.260847794
2009-07-23,13697403.666085755
2009-07-24,13810872.93783561
2009-07-27,13908117.201773435
2009-07-28,14002068.82102278
2009-07-29,13927666.532053992
2009-07-30,14027541.51481925
2009-07-31,14094658.27194356
2009-08-03,14257590.909310397
2009-08-04,14257710.629692595
2009-08-05,14284014.61201804
2009-08-06,14126568.91440134
2009-08-07,14021342.840037933
2009-08-10,13861619.23684948
2009-08-11,13936169.183712745
2009-08-12,13934738.069011364
2009-08-13,14203678.953881793
2009-08-14,14072705.57614588
2009-08-17,13935695.318434186
2009-08-18,14060885.20244767
2009-08-19,13974688.512976132
2009-08-20,14062398.447745878
2009-08-21,14180126.41274872
2009-08-24,14377218.86753373
2009-08-25,14477097.455752488
2009-08-26,14577560.541451
2009-08-27,14621830.309895005
2009-08-28,14670800.918886708
2009-08-31,14669400.478716804
2009-09-01,14554895.064428229
2009-09-02,14549157.296399603
2009-09-03,14561690.827809332
2009-09-04,14655423.374843022
2009-09-07,14863897.141747938
2009-09-08,14876345.713201404
2009-09-09,14859931.660865482
2009-09-10,14857792.155187516
2009-09-11,14875326.126074368
2009-09-14,14912495.099332813
2009-09-15,15082326.666526554
2009-09-16,15223225.850516416
2009-09-17,15258722.750283614
2009-09-18,15358295.795898583
2009-09-21,15391153.479391064
2009-09-22,15426920.802064352
2009-09-23,15314125.353554022
2009-09-24,15337902.619504668
2009-09-25,15328491.470382972
2009-09-28,15369452.744287774
2009-09-29,15416290.182255363
2009-09-30,15539003.44003569
2009-10-01,15534698.348850537
2009-10-02,15430589.219715845
2009-10-05,15324675.120170003
2009-10-06,15312213.592683677
2009-10-07,15357232.175911555
2009-10-08,15394926.239556745
2009-10-09,15333046.67665292
2009-10-12,15419804.959427916
2009-10-13,15527733.044183465
2009-10-14,15636611.387087788
2009-10-15,15716431.354232373
2009-10-16,15777788.369537465
2009-10-19,15825198.478120616
2009-10-20,15871593.986960944
2009-10-21,15777546.287787488
2009-10-22,15620150.01399475
2009-10-23,15725677.601274537
2009-10-26,15648994.88032896
2009-10-27,15325671.787195627
2009-10-28,15307685.912219403
2009-10-29,15186698.240933284
2009-10-30,15175155.956322052
2009-11-02,15021772.461763097
2009-11-03,14878747.733723333
2009-11-04,15119285.403331554
2009-11-05,15280906.165972
2009-11-06,15439114.041931963
2009-11-09,15643941.350059643
2009-11-10,15625737.268614778
2009-11-11,15832283.827571927
2009-11-12,15747487.7616355
2009-11-13,15756936.656433424
2009-11-16,15880218.338123174
2009-11-17,15873361.6406532
2009-11-18,15912988.580620186
2009-11-19,15788595.416659124
2009-11-20,15915054.272371272
2009-11-23,16015426.254323982
2009-11-24,16039544.899801064
2009-11-25,16060556.614723716
2009-11-26,15943073.678325025
2009-11-27,15837540.35900957
2009-11-30,16039153.356696075
2009-12-01,16205869.660893423
2009-12-02,16257237.802044798
2009-12-03,16354924.878874565
2009-12-04,16353006.00400741
2009-12-07,16299572.148735132
2009-12-08,16397384.179457584
2009-12-09,16326555.155206524
2009-12-10,16364288.768241243
2009-12-11,16332321.798379945
2009-12-14,16323540.89940553
2009-12-15,16195089.028850526
2009-12-16,16284546.97511437
2009-12-17,16339059.00406621
2009-12-18,16292042.272511197
2009-12-21,16238232.753748393
2009-12-22,16298228.131135423
2009-12-23,16462393.117702112
2009-12-24,16518638.072162429
2009-12-28,16540228.598645372
2009-12-29,16562441.784231095
2009-12-30,16619043.898425676
2009-12-31,16663077.816001538
2011-01-03,19009784.323056526
2011-01-04,19002207.19456011
2011-01-05,18929924.478966545
2011-01-06,18831683.211748805
2011-01-07,18618132.069145747
2011-01-10,18391875.141437523
2011-01-11,18370042.999295834
2011-01-12,18501736.08520893
2011-01-13,18448040.81005408
2011-01-14,18342642.45121918
2011-01-17,18291542.115288313
2011-01-18,18356836.233808625
2011-01-19,18343499.30399314
2011-01-20,18342235.3400896
2011-01-21,18350409.79684741
2011-01-24,18430080.51786169
2011-01-25,18407677.079420913
2011-01-26,18326833.617344085
2011-01-27,18250907.36263957
2011-01-28,18046376.18132988
2011-01-31,18079226.568777543
2011-02-01,17940589.75481589
2011-02-02,17975566.474325474
2011-02-03,18041177.85317953
2011-02-04,17857102.13912954
2011-02-07,17774452.15715136
2011-02-08,17568107.720097125
2011-02-09,17316368.51399527
2011-02-10,17275766.40771976
2011-02-11,17487802.61341638
2011-02-14,17823617.13718331
2011-02-15,17792794.99887226
2011-02-16,17846342.979059868
2011-02-17,17867208.019283626
2011-02-18,17750531.182865925
2011-02-21,17777167.748508517
2011-02-22,17696545.662016038
2011-02-23,17645310.834358465
2011-02-24,17436691.136973757
2011-02-25,17433406.980777845
2011-02-28,17429345.359476093
2011-03-01,17710446.407148663
2011-03-02,17707744.16872301
2011-03-03,17706590.2246928
2011-03-04,17691263.554001372
2011-03-07,17581236.705939796
2011-03-08,17684062.926448837
2011-03-09,17694295.01110709
2011-03-10,17659524.15835635
2011-03-11,17579232.117193125
2011-03-14,17656318.10695977
2011-03-15,17546388.29305675
2011-03-16,17648752.223407105
2011-03-17,17601246.08106697
2011-03-18,17538420.95403294
2011-03-21,17503987.93906206
2011-03-22,17545354.125575814
2011-03-23,17613968.013525613
2011-03-24,17715989.68825478
2011-03-25,17822291.018885743
2011-03-28,17835650.41169287
2011-03-29,17883688.868602
2011-03-30,18033707.254753225
2011-03-31,18062058.355376855
2011-04-01,18150301.87988813
2011-04-04,18322397.976723216
2011-04-05,18375270.834152494
2011-04-06,18392756.34767227
2011-04-07,18429291.931116987
2011-04-08,18345620.104385786
2011-04-11,18285277.3789181
2011-04-12,18345738.79921977
2011-04-13,18408857.094729133
2011-04-14,18381716.897908274
2011-04-15,18359393.5760742
2011-04-18,18217693.08679278
2011-04-19,18219612.346841205
2011-04-20,18378883.639138095
2011-04-21,18369298.703120954
2011-04-25,18389212.793343708
2011-04-26,18415262.949780006
2011-04-27,18420535.690961167
2011-04-28,18323544.314269602
2011-04-29,18263354.885182224
2011-05-02,18186099.355980612
2011-05-03,18020780.997580864
2011-05-04,17973699.094092574
2011-05-05,17874276.816796437
2011-05-06,17988441.119175162
2011-05-09,17994263.401351906
2011-05-10,18007492.287514728
2011-05-11,18084659.279363856
2011-05-12,17971481.66307682
2011-05-13,18022884.571825963
2011-05-16,17939579.729592256
2011-05-17,17877011.588960487
2011-05-18,17863644.76574022
2011-05-19,17839453.58321581
2011-05-20,17896986.67028588
2011-05-23,17757302.837492056
2011-05-24,17746802.675304584
2011-05-25,17734556.880129263
2011-05-26,17757801.58788582
2011-05-27,17885975.14234806
2011-05-30,17891841.368245717
2011-05-31,17995477.846597888
2011-06-01,18032605.75536749
2011-06-02,17942250.349336434
2011-06-03,17930342.386906143
2011-06-06,17947645.03440083
2011-06-07,17979651.55457018
2011-06-08,17998274.409071457
2011-06-09,18003602.399933558
2011-06-10,18006759.921518236
2011-06-13,17992973.430666897
2011-06-14,18065871.253063057
2011-06-15,18013744.520854276
2011-06-16,17949816.682648763
2011-06-17,17860577.00140848
2011-06-20,17652985.903582253
2011-06-21,17645004.978503942
2011-06-22,17606065.47847145
2011-06-23,17599043.019027695
2011-06-24,17765338.50303977
2011-06-27,17866371.469282914
2011-06-28,17924925.929476224
2011-06-29,17996719.928383775
2011-06-30,18023284.135203842
2011-07-01,18077924.92915484
2011-07-04,18128516.493401255
2011-07-05,18179936.098905124
2011-07-06,18213158.786323518
2011-07-07,18301160.88733198
2011-07-08,18225390.322089806
2011-07-11,18193003.606155116
2011-07-12,18103400.918710455
2011-07-13,18169884.72051054
2011-07-14,18206002.783898603
2011-07-15,18192636.271045394
2011-07-18,18209701.093287203
2011-07-19,18237768.368077904
2011-07-20,18171028.488830525
2011-07-21,18145807.123445023
2011-07-22,18279521.245157424
2011-07-25,18298675.975642107
2011-07-26,18224986.67107964
2011-07-27,18199602.91401619
2011-07-28,18098670.78669379
2011-07-29,18083840.11780701
2011-08-01,18073263.16600556
2011-08-02,17953125.542103622
2011-08-03,17888622.52136011
2011-08-04,17802739.113171503
2011-08-05,17628852.821579963
2011-08-08,17454616.376632
2011-08-09,17362742.82221723
2011-08-10,17547272.82267361
2011-08-11,17536490.16943574
2011-08-12,17469367.83849368
2011-08-15,17423833.07528213
2011-08-16,17378004.494662624
2011-08-17,17310805.811869066
2011-08-18,17162750.042483773
2011-08-19,17086341.285699207
2011-08-22,17174050.75179101
2011-08-23,17247651.37133205
2011-08-24,17202371.931589227
2011-08-25,17123809.7928168
2011-08-26,16987311.90209196
2011-08-29,17186828.139262825
2011-08-30,17304856.545825846
2011-08-31,17322976.44807721
2011-09-01,17341614.258738913
2011-09-02,17361044.879342537
2011-09-05,17419717.223707393
2011-09-06,17472164.836451165
2011-09-07,17582356.217442118
2011-09-08,17636324.62142703
2011-09-09,17520312.633124575
2011-09-12,17348041.149965618
2011-09-13,17378447.57262642
2011-09-14,17416420.199866433
2011-09-15,17474567.956654157
2011-09-16,17493480.30673884
2011-09-19,17505668.36241208
2011-09-20,17594769.965317383
2011-09-21,17654057.910905242
2011-09-22,17402768.141842544
2011-09-23,17347957.690526243
2011-09-26,17241446.805926617
2011-09-27,17359803.50306129
2011-09-28,17340088.892487466
2011-09-29,17343668.028777625
2011-09-30,17289938.47063351
2011-10-03,17142256.029236697
2011-10-04,17056026.881287757
2011-10-05,16993852.981344
2011-10-06,17062055.705774795
2011-10-07,17127414.467315663
2011-10-10,17193254.727682605
2011-10-11,17204553.18838576
2011-10-12,17322889.36108677
2011-10-13,17353866.158297393
2011-10-14,17402895.934960965
2011-10-17,17390705.316794746
2011-10-18,17264943.410491772
2011-10-19,17353748.23664835
2011-10-20,17298980.594698522
2011-10-21,17293355.784693066
2011-10-24,17289823.51528763
2011-10-25,17407455.598600216
2011-10-26,17475486.75232027
2011-10-27,17553024.491273526
2011-10-28,17630355.582331773
2011-10-31,17605557.02768988
2011-11-01,17566142.503144298
2011-11-02,17581567.79520395
2011-11-03,17588911.83396793
2011-11-04,17656257.068671793
2011-11-07,17651732.849815905
2011-11-08,17647918.873791993
2011-11-09,17574208.186224468
2011-11-10,17525281.9623387
2011-11-11,17480128.742413767
2011-11-14,17371017.95387076
2011-11-15,17204070.51752548
2011-11-16,17146455.35694444
2011-11-17,17046385.623137064
2011-11-18,16989522.461897835
2011-11-21,16833235.30437427
2011-11-22,16843949.9889841
2011-11-23,16693360.159118833
2011-11-24,16805870.445396885
2011-11-25,16836051.714471713
2011-11-28,16945185.25111043
2011-11-29,16894492.41726613
2011-11-30,16840916.7053251
2011-12-01,16943845.962134484
2011-12-02,17064376.191691473
2011-12-05,17074357.110021133
2011-12-06,17094749.289364323
2011-12-07,17117353.93588087
2011-12-08,16997741.77910253
2011-12-09,16916983.68383245
2011-12-12,16755833.77694712
2011-12-13,16736398.903155085
2011-12-14,16660289.289097713
2011-12-15,16574012.237718351
2011-12-16,16442013.095573975
2011-12-19,16321073.336777369
2011-12-20,16181557.658807162
2011-12-21,16308211.568580475
2011-12-22,16400216.296071017
2011-12-23,16439320.146167109
2011-12-26,16502199.618361982
2011-12-27,16453782.318219196
2011-12-28,16365578.225280507
2011-12-29,16330105.020760244
2011-12-30,16333022.501381971
2012-01-02,16323500.201452665
2012-01-03,16500310.78828677
2012-01-04,16472505.452674262
2012-01-05,16513354.253102269
2012-01-06,16504913.73120633
2012-01-09,16565575.506240578
2012-01-10,16737264.991307177
2012-01-11,16775572.139192266
2012-01-12,16823416.80126205
2012-01-13,16912624.21724386
2012-01-16,16940122.1513355
2012-01-17,17039842.682034537
2012-01-18,16951140.361224476
2012-01-19,17053814.14754691
2012-01-20,17043014.31185801
2012-01-23,17077694.270338368
2012-01-24,17147619.575204913
2012-01-25,17244494.183734156
2012-01-26,17274425.2336564
2012-01-27,17303551.461364865
2012-01-30,17174594.933604043
2012-01-31,17341695.793528236
2012-02-01,17435518.894518163
2012-02-02,17543604.959355608
2012-02-03,17608318.26875925
2012-02-06,17734138.068639107
2012-02-07,17667713.79309047
2012-02-08,17724743.633353066
2012-02-09,17851538.72934514
2012-02-10,17932683.34651611
2012-02-13,17991430.874749243
2012-02-14,18074280.56946012
2012-02-15,18247078.1625001
2012-02-16,18326573.431491755
2012-02-17,18352754.913148563
2012-02-20,18401526.956545576
2012-02-21,18450298.9999426
2012-02-22,18204641.542468317
2012-02-23,18173806.4732574
2012-02-24,18120079.236719348
2012-02-27,17880981.428592376
2012-02-28,18144363.49399233
2012-02-29,18202272.311270516
2012-03-01,18149727.78544824
2012-03-02,18143765.02709845
2012-03-05,18093302.562534295
2012-03-06,18051529.212809138
2012-03-07,18032866.058853548
2012-03-08,18121224.330274522
2012-03-09,18204489.214336086
2012-03-12,18270744.626071867
2012-03-13,18399151.540500697
2012-03-14,18377414.02446507
2012-03-15,18284198.45541899
2012-03-16,18267840.050728492
2012-03-19,18224462.439299006
2012-03-20,18262535.686158776
2012-03-21,18411346.351424295
2012-03-22,18270842.47512416
2012-03-23,18334550.04334743
2012-03-26,18195608.4018897
2012-03-27,18223373.59995791
2012-03-28,18197591.161895394
2012-03-29,18228799.204232387
2012-03-30,18434039.54923291
2012-04-02,18536057.659559473
2012-04-03,18578677.398600306
2012-04-04,18544845.43690181
2012-04-05,18482149.94789107
2012-04-09,18420677.27133517
2012-04-10,18412845.76680473
2012-04-11,18312019.70902556
2012-04-12,18389573.66641625
2012-04-13,18319214.975836083
2012-04-16,18331310.451455075
2012-04-17,18424945.973548815
2012-04-18,18506681.303209074
2012-04-19,18533930.84758104
2012-04-20,18463519.161854424
2012-04-23,18320438.308454424
2012-04-24,18332445.05671849
2012-04-25,18293540.33055845
2012-04-26,18291592.507660802
2012-04-27,18313956.271141455
2012-04-30,18379840.276970975
2012-05-01,18367217.64705098
2012-05-02,18358248.864877973
2012-05-03,18280033.3776425
2012-05-04,18113190.34388893
2012-05-07,18173186.765965965
2012-05-08,18048377.8042686
2012-05-09,17928718.38558358
2012-05-10,17938699.449367955
2012-05-11,17867850.03510339
2012-05-14,17794171.95925166
2012-05-15,17806791.87010729
2012-05-16,17725365.244655818
2012-05-17,17701951.123243935
2012-05-18,17720803.317665122
2012-05-21,17751843.22745389
2012-05-22,17709482.23741459
2012-05-23,17698421.092928763
2012-05-24,17728596.059898265
2012-05-25,17753778.23463634
2012-05-28,17883977.56659472
2012-05-29,17886807.035323124
2012-05-30,17802702.281083822
2012-05-31,17808107.117199905
2012-06-01,17685730.17991186
2012-06-04,17628253.755173925
2012-06-05,17634645.44013403
2012-06-06,17769697.50623451
2012-06-07,17805201.875839442
2012-06-08,17810530.97282061
2012-06-11,17791825.451423686
2012-06-12,17854410.491639704
2012-06-13,17854266.69860807
2012-06-14,17762618.720205225
2012-06-15,17840856.69229223
2012-06-18,17745681.27862028
2012-06-19,17758596.381432123
2012-06-20,17832921.705435842
2012-06-21,17899338.599486727
2012-06-22,17895704.83541615
2012-06-25,17886370.006385658
2012-06-26,17903950.90949341
2012-06-27,17942463.737706356
2012-06-28,17957840.45846535
2012-06-29,18153728.99385324
2012-07-02,18237528.94679766
2012-07-03,18265007.580034293
2012-07-04,18337623.090452507
2012-07-05,18466375.22964828
2012-07-06,18423904.75824485
2012-07-09,18294283.82541444
2012-07-10,18370605.55005471
2012-07-11,18345395.051194653
2012-07-12,18293394.74376275
2012-07-13,18284280.07123018
2012-07-16,18261160.0612238
2012-07-17,18195707.630371336
2012-07-18,18230767.702690925
2012-07-19,18267627.104346342
2012-07-20,18292800.301071107
2012-07-23,18167757.043128606
2012-07-24,18179300.265390202
2012-07-25,18157986.645939115
2012-07-26,18019965.936450303
2012-07-27,18037994.717778496
2012-07-30,18139724.954955965
2012-07-31,18196541.803712014
2012-08-01,18260524.45026419
2012-08-02,18293665.918859217
2012-08-03,18277217.211305857
2012-08-06,18303497.04343643
2012-08-07,18382503.3185119
2012-08-08,18384565.51263381
2012-08-09,18403374.43499909
2012-08-10,18389327.197665546
2012-08-13,18467624.60186666
2012-08-14,18485789.041936625
2012-08-15,18486840.08272462
2012-08-16,18486159.83757362
2012-08-17,18482771.76875864
2012-08-20,18515517.748524375
2012-08-21,18549663.7792847
2012-08-22,18501426.178833492
2012-08-23,18479062.94194957
2012-08-24,18438630.338941306
2012-08-27,18396795.134788595
2012-08-28,18363554.290573843
2012-08-29,18318877.936484225
2012-08-30,18349244.95631905
2012-08-31,18317074.675517175
2012-09-03,18325846.84135177
2012-09-04,18342663.15452242
2012-09-05,18297888.596289247
2012-09-06,18320289.450677067
2012-09-07,18448251.11347314
2012-09-10,18501002.500653308
2012-09-11,18507957.801677518
2012-09-12,18534361.39330907
2012-09-13,18535273.89788875
2012-09-14,18665971.53715226
2012-09-17,18786298.694624256
2012-09-18,18823332.964748133
2012-09-19,18788159.68116764
2012-09-20,18751671.07683188
2012-09-21,18902724.391367327
2012-09-24,18963834.140932996
2012-09-25,19057306.160319056
2012-09-26,19098701.282957807
2012-09-27,19141785.948181316
2012-09-28,19212673.12233739
2012-10-01,19295724.76957078
2012-10-02,19326667.331397932
2012-10-03,19355521.875029046
2012-10-04,19351915.69436867
2012-10-05,19280334.196734935
2012-10-08,19214219.53896294
2012-10-09,19279086.241710994
2012-10-10,19148391.78705271
2012-10-11,19219972.302765805
2012-10-12,19216728.859940883
2012-10-15,19241610.030183226
2012-10-16,19176579.451526005
2012-10-17,19167463.67627409
2012-10-18,19273567.41380503
2012-10-19,19281009.67059559
2012-10-22,19322808.441731915
2012-10-23,19298339.86212421
2012-10-24,19326713.162419792
2012-10-25,19354200.039896283
2012-10-26,19325258.358734895
2012-10-29,19316836.259570405
2012-10-30,19207095.64359766
2012-10-31,19279961.873660978
2012-11-01,19347463.876570795
2012-11-02,19414188.77634079
2012-11-05,19390679.368870404
2012-11-06,19446288.682458118
2012-11-07,19508049.66424539
2012-11-08,19522120.300100453
2012-11-09,19495481.23848738
2012-11-12,19534009.03977814
2012-11-13,19607103.562402006
2012-11-14,19560574.060204286
2012-11-15,19516530.63803864
2012-11-16,19389876.818125863
2012-11-19,19379252.910229698
2012-11-20,19337732.661515556
2012-11-21,19346135.922046497
2012-11-22,19351587.762146294
2012-11-23,19362666.199250042
2012-11-26,19419843.886121918
2012-11-27,19511001.328781642
2012-11-28,19564378.12846452
2012-11-29,19612429.211484205
2012-11-30,19687772.00874663
2012-12-03,19810828.435877647
2012-12-04,19884430.462351836
2012-12-05,19900899.468051363
2012-12-06,19943759.193188723
2012-12-07,19898684.338526744
2012-12-10,19908416.06664156
2012-12-11,19903703.42058643
2012-12-12,19856432.40853469
2012-12-13,19787971.583203103
2012-12-14,19876098.81575238
2012-12-17,19933641.029339228
2012-12-18,20020349.16350466
2012-12-19,20067378.873373374
2012-12-20,20143347.014612634
2012-12-21,19993721.97634216
2012-12-24,20027651.129707154
2012-12-26,20112833.95973746
2012-12-27,20061926.554496754
2012-12-28,20118312.588183045
2012-12-31,20168347.59847376
2013-01-01,20240075.56518079
2013-01-02,20290759.28561599
2013-01-03,20336463.102899417
2013-01-04,20357267.10907461
2013-01-07,20343483.545881327
2013-01-08,20322725.433347993
2013-01-09,20244751.880904716
2013-01-10,20196469.183147363
2013-01-11,20058359.638931688
2013-01-14,20134995.660106383
2013-01-15,20187842.2766104
2013-01-16,20089690.795957256
2013-01-17,20094377.41674683
2013-01-18,20005110.688607343
2013-01-21,20015461.68935185
2013-01-22,19944628.21832137
2013-01-23,19903175.191648643
2013-01-24,19760599.326929223
2013-01-25,19864968.02705508
2013-01-28,19902997.771356944
2013-01-29,19815609.413481485
2013-01-30,19865370.658034284
2013-01-31,19869189.32320462
2013-02-01,19855344.264742684
2013-02-04,19857486.54128536
2013-02-05,19807792.96946526
2013-02-06,19806998.222143643
2013-02-07,19725821.903807282
2013-02-08,19652873.53200126
2013-02-11,19625468.57714525
2013-02-12,19621369.86279757
2013-02-13,19587606.814047974
2013-02-14,19506434.67303283
2013-02-15,19500599.724932652
2013-02-18,19525907.047524728
2013-02-19,19647405.38729184
2013-02-20,19681752.19408402
2013-02-21,19498223.677442484
2013-02-22,19488187.48128305
2013-02-25,19430282.958032418
2013-02-26,19287077.08890724
2013-02-27,19351326.423079114
2013-02-28,19193463.51837437
2013-03-01,19270077.933796465
2013-03-04,19121573.847806096
2013-03-05,19273781.284391556
2013-03-06,19360013.441643637
2013-03-07,19423154.130814195
2013-03-08,19518631.7667234
2013-03-11,19532212.723756902
2013-03-12,19491077.081359714
2013-03-13,19361945.73625913
2013-03-14,19397734.489368573
2013-03-15,19348278.586565413
2013-03-18,19279651.69049874
2013-03-19,19105747.418235257
2013-03-20,18978076.3023427
2013-03-21,18959761.02058351
2013-03-22,18931731.261539005
2013-03-25,18919175.967346765
2013-03-26,18927974.978376422
2013-03-27,18989656.920323808
2013-03-28,19056476.662819624
2013-04-01,19074422.710166782
2013-04-02,19174918.973527525
2013-04-03,19121742.298490837
2013-04-04,18916155.39030915
2013-04-05,18895068.743993122
2013-04-08,18894581.53969874
2013-04-09,18813928.759610806
2013-04-10,18858094.062698063
2013-04-11,18866777.682927452
2013-04-12,18840912.931976423
2013-04-15,18831617.536840275
2013-04-16,18906004.917594027
2013-04-17,18929605.81210503
2013-04-18,19009339.231485434
2013-04-19,19041533.68380807
2013-04-22,19072879.406992227
2013-04-23,19114222.609932415
2013-04-24,19145185.34181386
2013-04-25,19179451.724597536
2013-04-26,19076044.146045987
2013-04-29,19154430.917438686
2013-04-30,19205677.913917534
2013-05-01,19256811.53878383
2013-05-02,19303447.097119637
2013-05-03,19282099.78968904
2013-05-06,19363884.05635442
2013-05-07,19462389.58962596
2013-05-08,19469653.4319256
2013-05-09,19456461.956130497
2013-05-10,19491245.421362706
2013-05-13,19356557.740889695
2013-05-14,19334107.01892297
2013-05-15,19480959.66202696
2013-05-16,19515914.722802248
2013-05-17,19572714.49392864
2013-05-20,19566550.00328209
2013-05-21,19477637.82995282
2013-05-22,19434691.088759203
2013-05-23,19265748.358307373
2013-05-24,19311572.798072856
2013-05-27,19428683.331858084
2013-05-28,19445794.484865323
2013-05-29,19413987.785866376
2013-05-30,19408000.221075278
2013-05-31,19307214.680633128
2013-06-03,19286416.342761997
2013-06-04,19292830.769936286
2013-06-05,19307433.22053687
2013-06-06,19336623.14484552
2013-06-07,19278833.998937156
2013-06-10,19224706.496765696
2013-06-11,19070519.851180322
2013-06-12,19028399.524695296
2013-06-13,18886659.52984437
2013-06-14,18963735.310287237
2013-06-17,19027377.23325123
2013-06-18,19000353.774923407
2013-06-19,19028956.879426695
2013-06-20,18861760.86921488
2013-06-21,18798915.007681224
2013-06-24,18616800.27055688
2013-06-25,18601567.188916378
2013-06-26,18578911.301165983
2013-06-27,18676077.25638761
2013-06-28,18879374.60173357
2013-07-01,19063296.8047487
2013-07-02,19043826.283799443
2013-07-03,18926686.071956243
2013-07-04,18973930.633365963
2013-07-05,19003920.61785153
2013-07-08,18979224.518357992
2013-07-09,19028886.26320499
2013-07-10,19017096.70438605
2013-07-11,19085988.39961002
2013-07-12,19081669.637082428
2013-07-15,19145865.665000033
2013-07-16,19036378.960512534
2013-07-17,18989070.12140075
2013-07-18,19044420.385007344
2013-07-19,19033301.38168161
2013-07-22,18985961.558662355
2013-07-23,19006737.3689222
2013-07-24,18812843.1318213
2013-07-25,18724728.037966453
2013-07-26,18632194.764304373
2013-07-29,18556142.927383207
2013-07-30,18398496.842281476
2013-07-31,18326236.386337817
2013-08-01,18232697.387671098
2013-08-02,18130269.06416519
2013-08-05,18161138.07331033
2013-08-06,17962531.683406774
2013-08-07,18037054.943516076
2013-08-08,18170475.217471227
2013-08-09,18208910.079966933
2013-08-12,18254079.27059003
2013-08-13,18366630.17142895
2013-08-14,18365315.399963174
2013-08-15,18235412.87595499
2013-08-16,18101244.01640769
2013-08-19,17964631.451045472
2013-08-20,17966990.418486945
2013-08-21,17878745.27020098
2013-08-22,17957210.576885574
2013-08-23,18079174.220452055
2013-08-26,18115313.558005866
2013-08-27,17916692.58331752
2013-08-28,17834066.14188863
2013-08-29,17949904.667020332
2013-08-30,17975443.43118198
2013-09-02,18088100.46968127
2013-09-03,17925304.51211842
2013-09-04,18059679.629965458
2013-09-05,18205779.654303007
2013-09-06,18277315.59411185
2013-09-09,18399162.913068462
2013-09-10,18515464.88869043
2013-09-11,18592621.37678495
2013-09-12,18511507.633489095
2013-09-13,18518346.88937615
2013-09-16,18490963.113429554
2013-09-17,18508532.970308684
2013-09-18,18541442.313729145
2013-09-19,18747926.462723404
2013-09-20,18680542.509069905
2013-09-23,18596673.057021387
2013-09-24,18615567.207559917
2013-09-25,18609567.723235678
2013-09-26,18638808.115952715
2013-09-27,18679651.638087973
2013-09-30,18615799.54669459
2013-10-01,18611056.425748
2013-10-02,18685581.62107895
2013-10-03,18754803.007185027
2013-10-04,18776252.212681603
2013-10-07,18825214.27699427
2013-10-08,18829807.16385292
2013-10-09,18913932.38447333
2013-10-10,18968020.056231245
2013-10-11,19032611.37850142
2013-10-14,19085609.469257835
2013-10-15,19004910.152192585
2013-10-16,18972164.62125581
2013-10-17,18958544.09986903
2013-10-18,19090915.89288046
2013-10-21,19161092.671444416
2013-10-22,19218271.496244386
2013-10-23,19194993.88034341
2013-10-24,19217889.532480963
2013-10-25,19157879.918924015
2013-10-28,19102109.067789156
2013-10-29,19250898.769534364
2013-10-30,19307433.342999093
2013-10-31,19364721.9783399
2013-11-01,19407138.705046386
2013-11-04,19443569.433880884
2013-11-05,19474079.263295352
2013-11-06,19451559.16449457
2013-11-07,19322510.502501387
2013-11-08,19266740.182740796
2013-11-11,19160033.81235573
2013-11-12,19115604.70500891
2013-11-13,19086949.005114138
2013-11-14,19222957.157548737
2013-11-15,19281127.800061937
2013-11-18,19334262.81537346
2013-11-19,19353256.80149966
2013-11-20,19345465.768591367
2013-11-21,19217808.571382146
2013-11-22,19260002.88532499
2013-11-25,19388490.935208805
2013-11-26,19333522.772592846
2013-11-27,19371635.758542825
2013-11-28,19487570.08438333
2013-11-29,19602770.716377426
2013-12-02,19696579.635733284
2013-12-03,19720515.397252213
2013-12-04,19664040.257034004
2013-12-05,19677488.346875552
2013-12-06,19706460.628888756
2013-12-09,19779355.95514783
2013-12-10,19795793.640626855
2013-12-11,19780662.548246786
2013-12-12,19755010.21252133
2013-12-13,19599805.573628694
2013-12-16,19567134.39998046
2013-12-17,19573574.31560615
2013-12-18,19732650.451444555
2013-12-19,19703054.60492543
2013-12-20,19827189.22074438
2013-12-23,19915281.327629723
2013-12-24,19967380.298470862
2013-12-26,20013345.534882277
2013-12-27,20067002.472994566
2013-12-30,20067484.223380785
2013-12-31,20134254.43713854
2014-01-01,20139953.99685781
2014-01-02,19971315.770526525
2014-01-03,20013118.14936801
2014-01-06,20033646.534708492
2014-01-07,19966837.62126893
2014-01-08,20006010.4098579
2014-01-09,19909136.09442726
2014-01-10,19883310.713457797
2014-01-13,19914115.18075149
2014-01-14,19858893.86996242
2014-01-15,19913056.98051507
2014-01-16,19920366.27895719
2014-01-17,19796503.53969354
2014-01-20,19856859.188654054
2014-01-21,19853415.625194218
2014-01-22,19909892.23105672
2014-01-23,19890307.24770885
2014-01-24,19717359.965137675
2014-01-27,19491369.86344369
2014-01-28,19541283.7646725
2014-01-29,19552992.8068623
2014-01-30,19430735.210130244
2014-01-31,19585182.476731453
2014-02-03,19494682.240935832
2014-02-04,19467449.1102475
2014-02-05,19575752.141328417
2014-02-06,19588662.168687012
2014-02-07,19607296.76844444
2014-02-10,19585088.103018455
2014-02-11,19592473.400009304
2014-02-12,19569295.329984885
2014-02-13,19480732.751721036
2014-02-14,19493460.077666696
2014-02-17,19497435.60582548
2014-02-18,19547223.203667656
2014-02-19,19625696.779888663
2014-02-20,19574880.21075782
2014-02-21,19668128.536628876
2014-02-24,19729752.022313043
2014-02-25,19744909.159529753
2014-02-26,19767632.818450432
2014-02-27,19804007.677442838
2014-02-28,19836743.830594137
2014-03-03,19767666.131750874
2014-03-04,19930862.511905063
2014-03-05,20015929.260983918
2014-03-06,20201368.160615627
2014-03-07,20291892.630971357
2014-03-10,20361147.988604866
2014-03-11,20342865.389017917
2014-03-12,20331988.898108277
2014-03-13,20286988.786089625
2014-03-14,20250299.864906397
2014-03-17,20284823.975591294
2014-03-18,20320687.891815472
2014-03-19,20360250.025923587
2014-03-20,20349346.637277674
2014-03-21,20489356.89028916
2014-03-24,20582582.36894918
2014-03-25,20641685.20886032
2014-03-26,20685339.634292133
2014-03-27,20757951.92974502
2014-03-28,20998985.05896683
2014-03-31,21122070.509570226
2014-04-01,21127806.33637837
2014-04-02,21225253.934811693
2014-04-03,21165336.860049423
2014-04-04,21157313.14590411
2014-04-07,21155775.32320589
2014-04-08,21248389.928003445
2014-04-09,21344111.33892663
2014-04-10,21426693.772978444
2014-04-11,21464617.141673263
2014-04-14,21442651.796263058
2014-04-15,21414259.93143855
2014-04-16,21337988.17189267
2014-04-17,21526819.329154782
2014-04-21,21597057.70392184
2014-04-22,21556113.496423326
2014-04-23,21567535.288744222
2014-04-24,21537030.944627944
2014-04-25,21503592.844739098
2014-04-28,21469020.453612093
2014-04-29,21401008.446143784
2014-04-30,21336769.096481767
2014-05-01,21329876.81202952
2014-05-02,21322080.155386463
2014-05-05,21259973.399272118
2014-05-06,21289675.190938745
2014-05-07,21269241.627949763
2014-05-08,21345510.22839322
2014-05-09,21641888.18355725
2014-05-12,21774899.758470755
2014-05-13,21959923.87688017
2014-05-14,22007002.930006925
2014-05-15,21931730.87220851
2014-05-16,22139332.128141694
2014-05-19,22559445.85984416
2014-05-20,22708011.822314028
2014-05-21,22794135.52830652
2014-05-22,22991281.642766617
2014-05-23,23124512.791146193
2014-05-26,22993729.254854746
2014-05-27,22896488.092992626
2014-05-28,22949412.815784376
2014-05-29,22886482.549244456
2014-05-30,22941242.039630625
2014-06-02,23222605.522309862
2014-06-03,23431648.48689121
2014-06-04,23590020.45078404
2014-06-05,23877908.6087169
2014-06-06,24020039.050467134
2014-06-09,24333438.242994193
2014-06-10,24334113.241650775
2014-06-11,24248089.15175613
2014-06-12,24296816.549591526
2014-06-13,24070700.70084364
2014-06-16,24141445.285017293
2014-06-17,24284801.122196108
2014-06-18,24212230.045179483
2014-06-19,24133789.62207809
2014-06-20,24115437.57831282
2014-06-23,24166911.562306132
2014-06-24,24299421.823890798
2014-06-25,24340761.3250487
2014-06-26,24277054.87859492
2014-06-27,24332761.571212184
2014-06-30,24510598.073540725
2014-07-01,24618180.93873326
2014-07-02,24793782.723681096
2014-07-03,24777652.272579405
2014-07-04,24801414.700441092
2014-07-07,24858757.612973534
2014-07-08,24287491.687277783
2014-07-09,24058632.289389726
2014-07-10,24169777.822417762
2014-07-11,23877463.12213191
2014-07-14,23875437.697722036
2014-07-15,24140431.672725238
2014-07-16,24340136.765557483
2014-07-17,24541289.074944638
2014-07-18,24560627.54464212
2014-07-21,24619836.337306008
2014-07-22,24603403.459596016
2014-07-23,24606156.85115128
2014-07-24,24649692.753544893
2014-07-25,24471269.141490303
2014-07-28,24363570.257534698
2014-07-29,24352589.450579908
2014-07-30,24357145.61979111
2015-01-01,26210223.706783693
2015-01-02,26342081.30022181
2015-01-05,26385814.61730756
2015-01-06,25994761.40387926
2015-01-07,26000399.840209987
2015-01-08,26216132.175571267
2015-01-09,26190797.8952035
2015-01-12,26284758.187403727
2015-01-13,26344568.559155203
2015-01-14,26338723.846303154
2015-01-15,26579559.775829293
2015-01-16,26683860.86330653
2015-01-19,26780454.847670235
2015-01-20,26845482.69918607
2015-01-21,26832777.892179422
2015-01-22,26899904.790625855
2015-01-23,26950722.736308202
2015-01-26,26971524.702989697
2015-01-27,26979589.33525416
2015-01-28,26986533.39893062
2015-01-29,27018599.877399538
2015-01-30,26909363.176955752
2015-02-02,26921095.977749422
2015-02-03,26885125.97993905
2015-02-04,26809865.9292778
2015-02-05,26709918.670008834
2015-02-06,26561306.84718483
2015-02-09,26396397.852225084
2015-02-10,26498190.596251637
2015-02-11,26774437.28751079
2015-02-12,26937659.5814187
2015-02-13,27133591.739841133
2015-02-16,27049674.50260886
2015-02-17,27108621.29766422
2015-02-18,27159534.713331543
2015-02-19,27182062.39605784
2015-02-20,27171823.392703857
2015-02-23,27031418.186223812
2015-02-24,27015684.990299784
2015-02-25,27004653.596831
2015-02-26,26882137.043962456
2015-02-27,27138066.4716807
2015-03-02,27397654.48894874
2015-03-03,27495448.72322276
2015-03-04,27348486.707743023
2015-03-05,27288728.20381976
2015-03-06,27192572.153447006
2015-03-09,27101067.981913246
2015-03-10,27079997.10061929
2015-03-11,27041194.52959093
2015-03-12,27216362.214141138
2015-03-13,27020734.3448484
2015-03-16,26918291.491905518
2015-03-17,26996027.924632862
2015-03-18,26982274.87665215
2015-03-19,26892635.869986363
2015-03-20,26756678.051856518
2015-03-23,26633159.487733208
2015-03-24,26595987.331159435
2015-03-25,26548996.40517411
2015-03-26,26449930.708948057
2015-03-27,26422748.65923574
2015-03-30,26704881.38236233
2015-03-31,26704887.676586166
2015-04-01,26896627.791869078
2015-04-02,26943056.798936468
2015-04-06,26988468.214699112
2015-04-07,27113067.903493322
2015-04-08,27196968.102994442
2015-04-09,27224215.966982946
2015-04-10,27324619.377244804
2015-04-13,27458989.63039397
2015-04-14,27418449.107405324
2015-04-15,27379632.046270587
2015-04-16,27279235.06559318
2015-04-17,27069833.95279277
2015-04-20,26821651.975685235
2015-04-21,26777752.348422173
2015-04-22,26822825.626603518
2015-04-23,26847840.931925017
2015-04-24,26636401.750083417
2015-04-27,26398300.447823513
2015-04-28,26544584.897405308
2015-04-29,26647363.424267888
2015-04-30,26662154.842030738
2015-05-01,26775692.56678819
2015-05-04,26886346.149677526
2015-05-05,26890614.73781852
2015-05-06,26515307.44806422
2015-05-07,26426010.001583003
2015-05-08,26654890.69843914
2015-05-11,26834501.92552792
2015-05-12,26624085.011498526
2015-05-13,26700761.63034476
2015-05-14,26798600.683828972
2015-05-15,26839631.92008456
2015-05-18,26994024.54658072
2015-05-19,27008222.50735277
2015-05-20,27076415.324708533
2015-05-21,27045668.24143865
2015-05-22,27050581.914327692
2015-05-25,26993474.50233527
2015-05-26,26942177.495249275
2015-05-27,26948619.313751344
2015-05-28,26883458.561115906
2015-05-29,26981842.578494426
2015-06-01,26973648.294158235
2015-06-02,26737253.480256706
2015-06-03,26467142.177721895
2015-06-04,26459629.152352627
2015-06-05,26452352.533779357
2015-06-08,26328164.413206108
2015-06-09,26370146.89163723
2015-06-10,26487212.874987405
2015-06-11,26260341.879973028
2015-06-12,26273741.240687396
2015-06-15,26289689.634607125
2015-06-16,26348197.29046832
2015-06-17,26445128.569405824
2015-06-18,26559271.375524465
2015-06-19,26631758.714127183
2015-06-22,26883377.828522973
2015-06-23,27008882.8123254
2015-06-24,26873955.905271977
2015-06-25,26900313.781901654
2015-06-26,26955807.591625385
2015-06-29,26741932.81181191
2015-06-30,26910679.66646822
2015-07-01,27096747.035172313
2015-07-02,27147439.697421573
2015-07-03,27187711.28307375
2015-07-06,27242331.796196878
2015-07-07,27313778.294202697
2015-07-08,27099724.07074547
2015-07-09,27049750.624673143
2015-07-10,27066029.993870802
2015-07-13,27216854.507460594
2015-07-14,27214448.527045403
2015-07-15,27256674.286236912
2015-07-16,27411301.4915539
2015-07-17,27499961.54901326
2015-07-20,27627445.033290874
2015-07-21,27422075.924880646
2015-07-22,27586806.182941183
2015-07-23,27702725.922967885
2015-07-24,27617593.78366905
2015-07-27,27496112.692707583
2015-07-28,27411371.31332143
2015-07-29,27481410.593787648
2015-07-30,27550009.54909416
2015-07-31,27785128.58965046
2015-08-03,27951927.010616004
2015-08-04,27916151.08488651
2015-08-05,28007238.707283545
2015-08-06,28068573.997305065
2015-08-07,28087389.033453267
2015-08-10,28008515.725291174
2015-08-11,27865784.99008326
2015-08-12,27644584.038469058
2015-08-13,27539808.45614121
2015-08-14,27770117.058739197
2015-08-17,27758487.869171713
2015-08-18,27874530.76362358
2015-08-19,27899130.454499643
2015-08-20,27599163.232974153
2015-08-21,27448845.71044286
2015-08-24,26424881.29045748
2015-08-25,26673307.855588026
2015-08-26,26678247.646286786
2015-08-27,26908617.87950637
2015-08-28,26956454.525089856
2015-08-31,26900209.041623626
2015-09-01,26654893.741378445
2015-09-02,26657556.25481564
2015-09-03,26805536.408319455
2015-09-04,26495757.23370636
2015-09-07,26315553.051297516
2015-09-08,26471491.82964633
2015-09-09,26715321.581460778
2015-09-10,26663387.68476662
2015-09-11,26695744.229740765
2015-09-14,26764004.099347144
2015-09-15,26728997.594505124
2015-09-16,26666023.367324572
2015-09-17,26716589.8276521
2015-09-18,26746509.677971616
2015-09-21,26821749.654523488
2015-09-22,26629460.93134735
2015-09-23,26717696.775665093
2015-09-24,26759588.29818323
2015-09-25,26797113.001304682
2015-09-28,26823724.670512874
2015-09-29,26838594.546654914
2015-09-30,26969811.392712634
2015-10-01,27006211.383013617
2015-10-02,27133259.713779032
2015-10-05,27269380.209303115
2015-10-06,27373639.515991427
2015-10-07,27399094.649605423
2015-10-08,27427192.972269863
2015-10-09,27414435.093757365
2015-10-12,27390083.392607763
2015-10-13,27448542.27885296
2015-10-14,27426838.91524779
2015-10-15,27514152.46873841
2015-10-16,27549902.448710278
2015-10-19,27586045.16806341
2015-10-20,27594752.422810566
2015-10-21,27616187.784687076
2015-10-22,27637564.54711653
2015-10-23,27671750.30337783
2015-10-26,27631261.169055976
2015-10-27,27667646.13473708
2015-10-28,27601516.249972474
2015-10-29,27559692.160278182
2015-10-30,27495731.640635822
2015-11-02,27535990.794275004
2015-11-03,27631447.78201903
2015-11-04,27640392.654095836
2015-11-05,27412165.452363834
2015-11-06,27390149.830049623
2015-11-09,27498270.43891542
2015-11-10,27338623.399064664
2015-11-11,27459109.712098535
2015-11-12,27395405.588636577
2015-11-13,27324975.37534858
2015-11-16,27333307.520642698
2015-11-17,27407814.441147257
2015-11-18,27277351.37775647
2015-11-19,27438267.758972287
2015-11-20,27478191.940183688
2015-11-23,27528603.987371143
2015-11-24,27517277.518021148
2015-11-25,27551717.61031061
2015-11-26,27588424.45511695
2015-11-27,27638665.124973994
2015-11-30,27696234.08750006
2015-12-01,27766989.9900359
2015-12-02,27716216.435033217
2015-12-03,27578717.74701109
2015-12-04,27500311.919916064
2015-12-07,27527179.706233177
2015-12-08,27418971.52193122
2015-12-09,27272979.186775904
2015-12-10,27337817.933811553
2015-12-11,27234349.544793528
2015-12-14,27303794.401066903
2015-12-15,27399723.06098038
2015-12-16,27411687.145460222
2015-12-17,27536636.496220984
2015-12-18,27501755.71955921
2015-12-21,27597910.3658212
2015-12-22,27570626.446416896
2015-12-23,27608698.96049815
2015-12-24,27609191.509186406
2015-12-28,27651070.81929371
2015-12-29,27669592.824596334
2015-12-30,27670298.69351153
2015-12-31,27760988.232490472
2016-01-01,27810775.91186641
2016-01-04,27620676.62669418
2016-01-05,27681077.165885504
2016-01-06,27595335.672385246
2016-01-07,27304003.717058156
2016-01-08,27401798.98498372
2016-01-11,27285460.254117236
2016-01-12,27195300.80776448
2016-01-13,27102762.100488387
2016-01-14,27020739.019253146
2016-01-15,26742617.56142809
2016-01-18,26460273.728943255
2016-01-19,26597897.589276683
2016-01-20,26388052.234386325
2016-01-21,26423634.934873383
2016-01-22,26618940.581874818
2016-01-25,26688637.97880129
2016-01-26,26698573.01244166
2016-01-27,26702733.134885404
2016-01-28,26719973.336899765
2016-01-29,26952478.63530145
2016-02-01,27029052.491687104
2016-02-02,26908524.1935098
2016-02-03,26769417.21631027
2016-02-04,26742763.308593124
2016-02-05,26857858.394680295
2016-02-08,26808504.801344708
2016-02-09,26673222.209903818
2016-02-10,26560378.250490453
2016-02-11,26135510.934622172
2016-02-12,26109851.42813394
2016-02-15,26497169.91747429
2016-02-16,26294523.68226424
2016-02-17,26299185.139628395
2016-02-18,26333013.664601803
2016-02-19,26378657.61061876
2016-02-22,26401815.075282395
2016-02-23,26224085.40232209
2016-02-24,26119231.711918317
2016-02-25,26059827.40811133
2016-02-26,26078799.13079677
2016-02-29,26070832.377767757
2016-03-01,26387822.870552994
2016-03-02,26558930.51647557
2016-03-03,26658621.26372989
2016-03-04,26660706.911081634
2016-03-07,26677774.25046749
2016-03-08,26717021.19265308
2016-03-09,26778542.646954913
2016-03-10,26767973.13406456
2016-03-11,26800716.352962602
2016-03-14,26852270.26505211
2016-03-15,26805260.00046843
2016-03-16,26689832.95110921
2016-03-17,26787905.933949925
2016-03-18,26968256.657299656
2016-03-21,27154043.476412173
2016-03-22,27168808.219422285
2016-03-23,27125927.396526556
2016-03-24,27094617.1988857
2016-03-28,27055937.21933431
2016-03-29,27017925.1794245
2016-03-30,27293198.669113822
2016-03-31,27376359.23098479
2016-04-01,27410649.158269588
2016-04-04,27504147.917608898
2016-04-05,27277333.18396016
2016-04-06,27335822.828936774
2016-04-07,27235722.835016645
2016-04-08,27346602.886360593
2016-04-11,27468474.625206433
2016-04-12,27482056.80492979
2016-04-13,27675142.098196533
2016-04-14,27681711.44254879
2016-04-15,27697530.09815144
2016-04-18,27805862.03562476
2016-04-19,27804960.074367058
2016-04-20,27786292.699431542
2016-04-21,27714635.16128448
2016-04-22,27698288.86954951
2016-04-25,27689528.747863736
2016-04-26,27778344.8721985
2016-04-27,27835051.18230008
2016-04-28,27746386.98830322
2016-04-29,27756738.445485923
2016-05-02,27795435.140248895
2016-05-03,27759036.549292315
2016-05-04,27612953.23718149
2016-05-05,27558723.045656096
2016-05-06,27571064.410106055
2016-05-09,27761747.255690955
2016-05-10,27797215.582474794
2016-05-11,27811092.25577468
2016-05-12,27944412.254401017
2016-05-13,27870213.125755
2016-05-16,27864213.539340522
2016-05-17,27946840.23133158
2016-05-18,27928906.6566738
2016-05-19,27840586.53746542
2016-05-20,27741165.668801185
2016-05-23,27690057.174483445
2016-05-24,27695812.369646654
2016-05-25,27853411.644464824
2016-05-26,27987063.60934264
2016-05-27,28090626.24881064
2016-05-30,28128873.421955287
2016-05-31,28088976.67902469
2016-06-01,28103021.897175234
2016-06-02,28190767.84451168
2016-06-03,28135206.303759914
2016-06-06,28096557.472601403
2016-06-07,28247791.381034568
2016-06-08,28320511.94361217
2016-06-09,28279831.170505643
2016-06-10,28266461.743549757
2016-06-13,28185764.872640714
2016-06-14,28198044.69887019
2016-06-15,28312240.665645573
2016-06-16,28206074.22667021
2016-06-17,28261017.037747934
2016-06-20,28395137.873184163
2016-06-21,28462184.141437594
2016-06-22,28410439.697185945
2016-06-23,28422317.220941197
2016-06-24,28107651.85420358
2016-06-27,28180799.84919246
2016-06-28,28281420.02981378
2016-06-29,28431558.542189863
2016-06-30,28584648.02009088
2016-07-01,28729994.578640684
2016-07-04,28820512.417686235
2016-07-05,28820634.222894873
2016-07-06,28784741.648225483
2016-07-07,28760089.93663553
2016-07-08,28761216.891029887
2016-07-11,28886964.609009743
2016-07-12,28919742.888759434
2016-07-13,28822725.408828348
2016-07-14,28918538.92407748
2016-07-15,28859252.14454622
2016-07-18,28799139.39728292
2016-07-19,28799694.073583014
2016-07-20,28964840.620923072
2016-07-21,28982980.377270844
2016-07-22,29055081.74506178
2016-07-25,29211119.672717534
2016-07-26,29163806.74553377
2016-07-27,29244167.602243107
2016-07-28,29326459.90905324
2016-07-29,29321391.984186
2016-08-01,29416451.909910318
2016-08-02,29286376.132907737
2016-08-03,29089426.396868996
2016-08-04,29126937.23810272
2016-08-05,29368912.310594715
2016-08-08,29438184.95720389
2016-08-09,29425677.906376027
2016-08-10,29286303.9972788
2016-08-11,29238802.583410863
2016-08-12,29351394.9014842
2016-08-15,29353802.81250929
2016-08-16,29346257.934984416
2016-08-17,29417274.651855405
2016-08-18,29618743.889525738
2016-08-19,29714401.97584087
2016-08-22,29641760.52871278
2016-08-23,29585913.103405733
2016-08-24,29651351.042198077
2016-08-25,29610822.639509946
2016-08-26,29581848.7334909
2016-08-29,29673021.69505604
2016-08-30,29889266.255330175
2016-08-31,29910436.23797915
2016-09-01,29857254.318296377
2016-09-02,29944448.871527236
2016-09-05,30063496.51183588
2016-09-06,30182544.15214454
2016-09-07,30261917.841842987
2016-09-08,30240239.28145546
2016-09-09,30072983.452214073
2016-09-12,29693247.561706714
2016-09-13,29773524.5820424
2016-09-14,29859941.48413315
2016-09-15,29893031.45097956
2016-09-16,29830848.253344268
2016-09-19,29978570.338735
2016-09-20,29972018.866802357
2016-09-21,29986854.463899296
2016-09-22,30096582.558269247
2016-09-23,30074185.61964714
2016-09-26,30025472.842671003
2016-09-27,30036755.71788458
2016-09-28,30166224.37116167
2016-09-29,29686332.887447435
2016-09-30,30025957.88825674
2016-10-03,30408692.97443869
2016-10-04,30640432.69375458
2016-10-05,30739922.049277022
2016-10-06,30672527.41444754
2016-10-07,30646301.609294824
2016-10-10,30714857.554528095
2016-10-11,30691064.84078486
2016-10-12,30671545.50425733
2016-10-13,30515010.154179275
2016-10-14,30634101.538594894
2016-10-17,30527269.308856957
2016-10-18,30704922.69907336
2016-10-19,30741394.93825354
2016-10-20,30810055.172362093
2016-10-21,30864781.413098045
2016-10-24,30896071.725000113
2016-10-25,30934374.521268383
2016-10-26,30773234.17220203
2016-10-27,30659499.515897915
2016-10-28,30750964.52104923
2016-10-31,30748786.593581196
2016-11-01,30756999.235237107
2016-11-02,30496692.327140726
2016-11-03,30343058.663878784
2016-11-04,30107646.36340226
2016-11-07,30251689.272305682
2016-11-08,30330630.808148567
2016-11-09,29969722.78216829
2016-11-10,30340994.11580714
2016-11-11,29843085.56532013
2016-11-14,29536534.632497665
2016-11-15,29239927.099323038
2016-11-16,29339356.637190804
2016-11-17,29180089.7712825
2016-11-18,29287389.37061222
2016-11-21,28947585.387489434
2016-11-22,29107363.132226054
2016-11-23,29165895.4943529
2016-11-24,29245176.135841165
2016-11-25,29442646.409409873
2016-11-28,29500749.696943693
2016-11-29,29564300.672632616
2016-11-30,29815430.961358007
2016-12-01,29869982.99673623
2016-12-02,29755309.8546737
2016-12-05,29863840.291343983
2016-12-06,29916115.711102236
2016-12-07,29837450.09750014
2016-12-08,30062376.97845674
2016-12-09,30051699.801684212
2016-12-12,29897675.97750123
2016-12-13,29995880.37648532
2016-12-14,29771369.38883109
2016-12-15,29814161.529078525
2016-12-16,29740556.332066994
2016-12-19,29565894.02121592
2016-12-20,29482151.034871403
2016-12-21,29481297.883790523
2016-12-22,29254604.88848695
2016-12-23,29202965.01978242
2016-12-26,29024610.364824858
2016-12-27,29211271.089168593
2016-12-28,29224509.467532296
2016-12-29,29464979.512573775
2016-12-30,29644674.76203146
2017-01-02,29766696.654906925
2017-01-03,29887883.725390915
2017-01-04,29988485.871977072
2017-01-05,30235702.761916105
2017-01-06,30276698.5574768
2017-01-09,30321913.036459748
2017-01-10,30450447.797134448
2017-01-11,30621892.706535265
2017-01-12,30562272.922731847
2017-01-13,30554962.826014183
2017-01-16,30652771.2303499
2017-01-17,30752390.21871844
2017-01-18,30923920.441442113
2017-01-19,30896314.044961307
2017-01-20,30739710.80762267
2017-01-23,30824540.018167883
2017-01-24,30968356.499432527
2017-01-25,31167986.62286888
2017-01-26,31200217.75857878
2017-01-27,31232898.59508647
2017-01-30,31104896.85802155
2017-01-31,30975493.83202884
2017-02-01,31269010.69901411
2017-02-02,31257699.649604354
2017-02-03,31389056.423345834
2017-02-06,31561494.481500667
2017-02-07,31489444.7781119
2017-02-08,31591133.78990969
2017-02-09,31696141.5687624
2017-02-10,31687607.18727082
2017-02-13,31685579.567347668
2017-02-14,31610512.78316418
2017-02-15,31414147.39763879
2017-02-16,31611694.910046723
2017-02-17,31612475.52367308
2017-02-20,31710035.71644738
2017-02-21,31867380.707835265
2017-02-22,31790039.366924252
2017-02-23,31785808.11343726
2017-02-24,31793534.023343254
2017-02-27,31798693.311164528
2017-02-28,31910010.75144858
2017-03-01,31993520.661959317
2017-03-02,31883387.692340918
2017-03-03,31905293.552619603
2017-03-06,31961803.21330034
2017-03-07,31925042.008368354
2017-03-08,31899604.89345493
2017-03-09,31836414.01010375
2017-03-10,31854194.759681888
2017-03-13,31904480.86292748
2017-03-14,32185282.575647503
2017-03-15,32284117.58524411
2017-03-16,32509195.56412009
2017-03-17,32461419.6294342
2017-03-20,32509228.325847507
2017-03-21,32462752.16086611
2017-03-22,32309097.999612696
2017-03-23,32435965.981129814
2017-03-24,32492210.381524313
2017-03-27,32434469.230128787
2017-03-28,32587599.482563306
2017-03-29,32625952.894379355
2017-03-30,32710009.608982734
2017-03-31,32892551.900527313
2017-04-03,33042452.528769363
2017-04-04,33148136.631903406
2017-04-05,33251073.376586653
2017-04-06,33234836.53191899
2017-04-07,33145137.514986604
2017-04-10,33270736.113107998
2017-04-11,33426016.380283475
2017-04-12,33376345.510940906
2017-04-13,33319427.77958821
2017-04-17,33340036.163249653
2017-04-18,33282719.658954166
2017-04-19,33332347.774070054
2017-04-20,33534862.3253567
2017-04-21,33513833.91976481
2017-04-24,33694424.675154775
2017-04-25,33881382.60119372
2017-04-26,33919901.99142706
2017-04-27,33978324.47525402
2017-04-28,34025731.1644289
2017-05-01,34066733.01536486
2017-05-02,34104190.46369736
2017-05-03,34127377.71848865
2017-05-04,34175848.05415138
2017-05-05,34026292.37635058
2017-05-08,34108850.201629035
2017-05-09,34295100.614750676
2017-05-10,34463395.62821802
2017-05-11,34405971.561062194
2017-05-12,34184603.2813567
2017-05-15,34349195.343463205
2017-05-16,34413665.91125377
2017-05-17,34380300.11941333
2017-05-18,34014768.0296971
2017-05-19,33951403.76176412
2017-05-22,33739815.76567832
2017-05-23,33564742.30304235
2017-05-24,33465040.274392497
2017-05-25,33701531.41416018
2017-05-26,33949710.715633154
2017-05-29,33626815.36522661
2017-05-30,33711871.23985559
2017-05-31,33837080.73592691
2017-06-01,34058996.27614504
2017-06-02,34125160.60803838
2017-06-05,34180386.37829921
2017-06-06,34101190.94010997
2017-06-07,34163953.69512238
2017-06-08,34225237.80957929
2017-06-09,34253881.448718786
2017-06-12,34195801.98407738
2017-06-13,34199849.93402231
2017-06-14,34247490.02337542
2017-06-15,34156327.61027702
2017-06-16,34210631.556733795
2017-06-19,34285074.74335228
2017-06-20,34340323.9612931
2017-06-21,34331774.322908804
2017-06-22,34364492.65206962
2017-06-23,34146441.90903847
2017-06-26,34103561.339977585
2017-06-27,33927526.73492166
2017-06-28,33984952.759489104
2017-06-29,34041495.14512609
2017-06-30,34185814.9121186
2017-07-03,34491476.63542979
2017-07-04,34460032.52147792
2017-07-05,34643669.61507516
2017-07-06,34618148.63149042
2017-07-07,34612458.55854193
2017-07-10,34739756.35106815
2017-07-11,34844219.91827145
2017-07-12,34936057.61780312
2017-07-13,35123365.9568451
2017-07-14,35038789.027437
2017-07-17,35083223.071412556
2017-07-18,34985022.66051518
2017-07-19,35036612.799854815
2017-07-20,35015453.142155826
2017-07-21,35028396.299244836
2017-07-24,35114337.04877356
2017-07-25,35192347.84525365
2017-07-26,35309529.507700875
2017-07-27,35301217.708996974
2017-07-28,35393684.311649404
2017-07-31,35449730.81758586
2017-08-01,35459056.03635006
2017-08-02,35425531.634299345
2017-08-03,35330168.57093607
2017-08-04,35368195.172972806
2017-08-07,35471591.840161316
2017-08-08,35226608.86539904
2017-08-09,34990354.31563665
2017-08-10,34511051.033538714
2017-08-11,34406162.04100111
2017-08-14,34766410.64448564
2017-08-15,34824865.87677048
2017-08-16,34879204.121493794
2017-08-17,34867245.28603371
2017-08-18,34785858.93564851
2017-08-21,34685804.53491606
2017-08-22,34631234.66415385
2017-08-23,34877855.51295607
2017-08-24,34957539.20384339
2017-08-25,35066065.22896491
2017-08-28,35175186.574915335
2017-08-29,35024709.79473486
2017-08-30,35216172.52717491
2017-08-31,35258421.9834677
2017-09-01,35479075.50571263
2017-09-04,35411721.26489532
2017-09-05,35617278.32913861
2017-09-06,35643291.70732531
2017-09-07,35781028.44075587
2017-09-08,35716664.99204686
2017-09-11,35914967.05597687
2017-09-12,36159371.036190875
2017-09-13,36004378.03678079
2017-09-14,38346584.81796741
2017-09-15,36076822.24455922
2017-09-18,36297060.36512699
2017-09-19,36301775.91266271
2017-09-20,36247744.87747647
2017-09-21,36110005.16282153
2017-09-22,35637397.63982591
2017-09-25,35487826.612694904
2017-09-26,35569362.84720817
2017-09-27,35192119.23971387
2017-09-28,35295230.256573625
2017-09-29,35467214.20457029
2017-10-02,35550322.00367212
2017-10-03,35627290.47330725
2017-10-04,35696583.90003079
2017-10-05,35823286.7243121
2017-10-06,36103069.47508991
2017-10-09,36211736.0726232
2017-10-10,36328726.77681092
2017-10-11,36103911.174629524
2017-10-12,36260387.117232844
2017-10-13,36385659.47172554
2017-10-16,36521263.780522555
2017-10-17,36584930.36092812
2017-10-18,36496762.28327674
2017-10-19,36455491.92861388
2017-10-20,36466576.1979138
2017-10-23,36468462.01251654
2017-10-24,36357722.25691606
2017-10-25,36318267.65515844
2017-10-26,36390699.55403488
2017-10-27,36385121.47005901
2017-10-30,36580189.87890177
2017-10-31,36604515.55958971
2017-11-01,36788375.68561819
2017-11-02,36839659.43149718
2017-11-03,36941640.72269421
2017-11-06,37045708.881486535
2017-11-07,36827364.1702579
2017-11-08,36627284.11026559
2017-11-09,36690563.14770593
2017-11-10,36768080.71348012
2017-11-13,36771552.85451824
2017-11-14,36867988.80855477
2017-11-15,36698469.06248626
2017-11-16,36807672.99859054
2017-11-17,36957697.83082627
2017-11-20,36995441.56750421
2017-11-21,37058508.046657115
2017-11-22,37144238.14347952
2017-11-23,37232849.82782542
2017-11-24,37308243.34493634
2017-11-27,37357540.37798538
2017-11-28,37420577.21579533
2017-11-29,37374613.44567786
2017-11-30,37277051.50822927
2017-12-01,37079630.24736908
2017-12-04,37006872.165674604
2017-12-05,37110102.20568286
2017-12-06,36971654.38801771
2017-12-07,37277996.15571929
2017-12-08,37638394.347810715
2017-12-11,37752171.17249961
2017-12-12,37590789.91857098
2017-12-13,37462304.478186145
2017-12-14,37460164.60956418
2017-12-15,37790183.34807936
2017-12-18,37831899.187851295
2017-12-19,38058042.29186432
2017-12-20,38084664.16619693
2017-12-21,38199610.20668644
2017-12-22,38204940.84370218
2017-12-26,38309150.3917923
2017-12-27,38278039.31038553
2017-12-28,38294561.32753901
2017-12-29,38454920.46117884
2018-01-01,38346589.24335387
2018-01-02,38272354.450927995
2018-01-03,38424775.880383104
2018-01-04,38634234.52676806
2018-01-05,38828143.28745892
2018-01-08,38932088.16444412
2018-01-09,39122044.47263593
2018-01-10,39111041.66866185
2018-01-11,39202261.96516253
2018-01-12,39195100.03916947
2018-01-15,39429558.31057717
2018-01-16,39233375.399676256
2018-01-17,39486709.325639114
2018-01-18,39143251.41998504
2018-01-19,39307717.97817392
2018-01-22,39505776.84096792
2018-01-23,39627292.17429454
2018-01-24,39504686.79478881
2018-01-25,39378954.11948392
2018-01-26,39313892.76204827
2018-01-29,39246158.09882616
2018-01-30,39073652.870225765
2018-01-31,38886315.078320794
2018-02-01,39068713.25078276
2018-02-02,38333071.73637336
2018-02-05,38295093.939907946
2018-02-06,37935521.23474669
2018-02-07,38057425.727160014
2018-02-08,38245226.23562763
2018-02-09,38142503.320201755
2018-02-12,38372257.073689505
2018-02-13,38371876.83138511
2018-02-14,38376026.64231214
2018-02-15,38311661.79252679
2018-02-16,38098967.09814195
2018-02-19,37920718.285927184
2018-02-20,37966818.42472089
2018-02-21,38077694.02043133
2018-02-22,38038396.26160231
2018-02-23,38244937.62855773
2018-02-26,38442061.03293132
2018-02-27,38402972.3490599
2018-02-28,38381837.16691687
2018-03-01,38331128.73779362
2018-03-02,38239312.715298
2018-03-05,38137932.162970014
2018-03-06,38018793.05079654
2018-03-07,37805846.79423785
2018-03-08,37859798.35457521
2018-03-09,37674735.0464696
2018-03-12,37806544.59446245
2018-03-13,37918311.67389944
2018-03-14,37964369.418261565
2018-03-15,37932157.040160105
2018-03-16,37750429.344730645
2018-03-19,37433465.27759915
2018-03-20,37439429.154767096
2018-03-21,37411500.70952161
2018-03-22,37264779.47174588
2018-03-23,37004574.628183074
2018-03-26,37258207.39895274
2018-03-27,37343737.86140619
2018-03-28,37303727.89833385
2018-03-29,37487844.28526422
2018-04-02,37659642.29452325
2018-04-03,37819771.2042111
2018-04-04,37521963.331971236
2018-04-05,37884819.155217126
2018-04-06,37919542.82924528
2018-04-09,37924374.517776646
2018-04-10,37991016.30965012
2018-04-11,37961717.99765036
2018-04-12,37979559.59980409
2018-04-13,38005861.38210079
2018-04-16,38115322.74968722
2018-04-17,38136910.27341085
2018-04-18,38217229.382995345
2018-04-19,38379458.17372914
2018-04-20,38271316.02333842
2018-04-23,38378173.8477651
2018-04-24,38403123.776105426
2018-04-25,38263713.82764716
2018-04-26,38457201.50870444
2018-04-27,38529294.60722012
2018-04-30,38737052.23710759
2018-05-01,38612832.28546788
2018-05-02,38498427.18836002
2018-05-03,38377813.45980341
2018-05-04,38286774.017617784
2018-05-07,38357715.25082224
2018-05-08,38381839.69454096
2018-05-09,38289709.902468026
2018-05-10,38083027.606217705
2018-05-11,38241427.90153464
2018-05-14,38125184.3448793
2018-05-15,38064012.436004125
2018-05-16,38048406.69428458
2018-05-17,38009291.999354675
2018-05-18,37812405.40865492
2018-05-21,37569643.39107522
2018-05-22,37612804.55301344
2018-05-23,37569085.20288593
2018-05-24,37518971.96247506
2018-05-25,37685020.81113871
2018-05-28,37910517.83542861
2018-05-29,37812874.59245704
2018-05-30,37811313.55256644
2018-05-31,37831824.568148
2018-06-01,37629438.672271125
2018-06-04,37492605.12136726
2018-06-05,37162437.8975203
2018-06-06,37393535.606625
2018-06-07,37642593.53756707
2018-06-08,37673396.49608752
2018-06-11,37710076.59621967
2018-06-12,37867336.3441049
2018-06-13,37846275.11013171
2018-06-14,37810632.62635385
2018-06-15,37704269.321853325
2018-06-18,37642528.46518954
2018-06-19,37462237.79716252
2018-06-20,37466535.28944785
2018-06-21,37349173.46589952
2018-06-22,37406579.25565007
2018-06-25,37297521.37553385
2018-06-26,37306549.294832155
2018-06-27,37131955.278932236
2018-06-28,36930791.32766326
2018-06-29,37215905.72509059
2018-07-02,37100465.52649047
2018-07-03,37160347.830508135
2018-07-04,37187965.06141162
2018-07-05,37215315.368599854
2018-07-06,37331929.52088691
2018-07-09,37498209.155743234
2018-07-10,37742565.80989
2018-07-11,37776900.013143934
2018-07-12,37734915.69934838
2018-07-13,37616961.729204185
2018-07-16,37332911.53695753
2018-07-17,37511067.909221545
2018-07-18,37386234.36999949
2018-07-19,37312438.77055621
2018-07-20,37277632.21080838
2018-07-23,37539157.67868937
2018-07-24,37802957.93701482
2018-07-25,37781968.86895054
2018-07-26,37785481.63463921
2018-07-27,37856000.46482641
2018-07-30,37916317.47399803
2018-07-31,37930071.60796055
2018-08-01,38042173.05878589
2018-08-02,37983010.614408076
2018-08-03,38152704.254771695
2018-08-06,38277599.51034883
2018-08-07,38327567.517348416
2018-08-08,38319843.57410706
2018-08-09,38338168.06208744
2018-08-10,38264678.380270444
2018-08-13,38152310.58249345
2018-08-14,38363343.55661294
2018-08-15,38308132.62591276
2018-08-16,38247959.660434976
2018-08-17,38424811.82119885
2018-08-20,38553740.70850588
2018-08-21,38614430.76857972
2018-08-22,38627607.97206648
2018-08-23,38647627.384007104
2018-08-24,38551112.12974443
2018-08-27,38749453.05628616
2018-08-28,38772851.55495424
2018-08-29,38805169.27444514
2018-08-30,38848534.39840365
2018-08-31,38774386.96467776
2018-09-03,38606998.89816713
2018-09-04,38219162.46369594
2018-09-05,38121170.20297056
2018-09-06,38117060.036591366
2018-09-07,38219283.82773069
2018-09-10,37953835.04306813
2018-09-11,37639455.361851476
2018-09-12,37769114.394279905
2018-09-13,37929405.97868424
2018-09-14,38086985.82723708
2018-09-17,38025286.53278047
2018-09-18,37878320.318091564
2018-09-19,37780687.26174214
2018-09-20,37470222.275187165
2018-09-21,37149116.118664525
2018-09-24,36786183.53837411
2018-09-25,36851411.14641004
2018-09-26,36889708.63782679
2018-09-27,36584737.31186727
2018-09-28,36069897.01602379
2018-10-01,36132383.84351491
2018-10-02,36073524.77238853
2018-10-03,36023175.95863769
2018-10-04,35818480.30379314
2018-10-05,35439348.64918178
2018-10-08,35258779.34833335
2018-10-09,35121618.20174178
2018-10-10,35572693.17288679
2018-10-11,35241600.23036685
2018-10-12,35469851.64759412
2018-10-15,35510639.628592685
2018-10-16,35688871.24530865
2018-10-17,35331437.6415604
2018-10-18,35235256.56837864
2018-10-19,35128736.28889046
2018-10-22,34982888.52499201
2018-10-23,34835835.259344675
2018-10-24,34865055.79032734
2018-10-25,34695461.05828397
2018-10-26,34528274.90768013
2018-10-29,34842564.8289597
2018-10-30,34932638.668014266
2018-10-31,35217446.13223816
2018-11-01,35369067.44856453
2018-11-02,35563609.86181345
2018-11-05,35550566.46106202
2018-11-06,35520321.01012444
2018-11-07,35664738.54556769
2018-11-08,35726679.10260924
2018-11-09,35770389.6794135
2018-11-12,35615420.92820015
2018-11-13,35762319.362066254
2018-11-14,35722787.253575966
2018-11-15,35694809.40662188
2018-11-16,35667154.44466843
2018-11-19,35810553.12469763
2018-11-20,35520969.970549576
2018-11-21,35537195.92864513
2018-11-22,35388943.25625277
2018-11-23,35385963.97673225
2018-11-26,35388878.6265501
2018-11-27,35409815.231627546
2018-11-28,35313467.38022739
2018-11-29,35447803.15853671
2018-11-30,35553682.06895514
2018-12-03,35645009.707006805
2018-12-04,35629094.69044531
2018-12-05,35447063.832261555
2018-12-06,35286741.87557517
2018-12-07,35354692.71725982
2018-12-10,35089116.98550384
2018-12-11,35388333.84411894
2018-12-12,35715641.671398036
2018-12-13,35715124.779265635
2018-12-14,35769819.9751346
2018-12-17,35787641.910044976
2018-12-18,35814257.371320486
2018-12-19,35964000.312752634
2018-12-20,35939326.30159355
2018-12-21,35678608.788923874
2018-12-24,35555976.15038701
2018-12-26,35560571.433304995
2018-12-27,35595864.129535496
2018-12-28,35743120.56239489
2018-12-31,35818274.50737469
2019-01-01,35847079.05111936
2019-01-02,35717196.14879219
2019-01-03,35562080.67285332
2019-01-04,35667662.70941447
2019-01-07,35701885.30615624
2019-01-08,35733508.020546235
2019-01-09,35656562.75065436
2019-01-10,35711705.99061622
2019-01-11,35639294.09207736
2019-01-14,35596014.13447234
2019-01-15,35730169.36778774
2019-01-16,35750498.77819037
2019-01-17,35722382.51868093
2019-01-18,35633578.69910101
2019-01-21,35579835.29859566
2019-01-22,35620127.983160645
2019-01-23,35574842.59021984
2019-01-24,35635586.768130355
2019-01-25,35456763.445779875
2019-01-28,35198958.55805207
2019-01-29,35252593.744767584
2019-01-30,35263460.50400077
2019-01-31,35329786.49964149
2019-02-01,35376487.673123956
2019-02-04,35222696.613080956
2019-02-05,35124137.66864673
2019-02-06,35246111.73223016
2019-02-07,35401773.27441147
2019-02-08,35248178.97065877
2019-02-11,35076161.272822
2019-02-12,35042005.52373131
2019-02-13,34936900.77815085
2019-02-14,35225360.49938946
2019-02-15,35064190.81116642
2019-02-18,34949316.878405385
2019-02-19,34990570.423112676
2019-02-20,35215062.64652272
2019-02-21,35283749.98673589
2019-02-22,35382843.19347248
2019-02-25,35609728.26424512
2019-02-26,35684641.13074392
2019-02-27,35741022.585324496
2019-02-28,35841460.2829728
2019-03-01,36083286.50446135
2019-03-04,36235131.05692124
2019-03-05,36387900.37021722
2019-03-06,36438318.4662483
2019-03-07,36356651.703530714
2019-03-08,36347843.00098623
2019-03-11,36658968.72410694
2019-03-12,36815482.418264404
2019-03-13,36785658.79621369
2019-03-14,36747682.89969471
2019-03-15,36739932.77902338
2019-03-18,36772272.410088
2019-03-19,36865405.46099917
2019-03-20,36805732.01768104
2019-03-21,36800043.39679482
2019-03-22,36772471.63828477
2019-03-25,36505346.150320776
2019-03-26,36691526.866077684
2019-03-27,36787156.83887619
2019-03-28,36999772.557016276
2019-03-29,37114115.410787195
2019-04-01,37183866.8243781
2019-04-02,37168966.948987655
2019-04-03,37099697.706698716
2019-04-04,37048674.89670509
2019-04-05,37137024.75636587
2019-04-08,37027838.10205445
2019-04-09,37075102.18035094
2019-04-10,37008015.610714555
2019-04-11,37016900.43809165
2019-04-12,37058318.882955775
2019-04-15,37179841.773955055
2019-04-16,37295649.54958276
2019-04-17,37253158.46258569
2019-04-18,37198763.85852425
2019-04-22,37052724.69241215
2019-04-23,37052179.43058168
2019-04-24,37227459.92159031
2019-04-25,37245267.40071737
2019-04-26,37136019.89539735
2019-04-29,36922399.35410541
2019-04-30,36707538.0509869
2019-05-01,36706579.402836934
2019-05-02,36691631.42858001
2019-05-03,36629976.117054716
2019-05-06,36479348.69063713
2019-05-07,36378184.17804793
2019-05-08,36163502.59318911
2019-05-09,36178026.28652017
2019-05-10,36120138.06786819
2019-05-13,35792941.17084307
2019-05-14,35896829.113776006
2019-05-15,35705466.21609973
2019-05-16,35804549.947702944
2019-05-17,35924096.84514531
2019-05-20,36528529.12966359
2019-05-21,36344090.592033744
2019-05-22,36331268.11768833
2019-05-23,36344221.498390675
2019-05-24,36663563.47362288
2019-05-27,36942028.08291604
2019-05-28,36880239.322111085
2019-05-29,36748248.756031096
2019-05-30,36824185.277680926
2019-05-31,36762743.61950652
2019-06-03,36881487.77253161
2019-06-04,36834635.15494398
2019-06-05,36722232.92121002
2019-06-06,36618031.61734557
2019-06-07,36659623.48976388
2019-06-10,36715666.28021293
2019-06-11,36813635.10951073
2019-06-12,36720714.59581407
2019-06-13,36586818.67532939
2019-06-14,36470250.29463174
2019-06-17,36331340.18769647
2019-06-18,36324809.89308404
2019-06-19,36221318.450852685
2019-06-20,36490795.88438684
2019-06-21,36446954.190122105
2019-06-24,36470977.406422004
2019-06-25,36554344.31032305
2019-06-26,36684135.49252893
2019-06-27,36717258.28719315
2019-06-28,36638412.23422868
2019-07-01,36687864.96430962
2019-07-02,36672565.99603551
2019-07-03,36681768.889704
2019-07-04,36668897.20165691
2019-07-05,36329023.459551476
2019-07-08,35961678.00568008
2019-07-09,35976709.71363715
2019-07-10,35876890.80164172
2019-07-11,35913700.30912366
2019-07-12,35939853.187156186
2019-07-15,35902396.65792937
2019-07-16,36041998.43595168
2019-07-17,36009824.81169119
2019-07-18,35807322.663058564
2019-07-19,35583163.47874759
2019-07-22,35618724.6251527
2019-07-23,35602466.32857532
2019-07-24,35339682.977807425
2019-07-25,35379726.5657235
2019-07-26,35500992.92176948
2019-07-29,35331328.40517336
2019-07-30,35035582.08937518
2019-07-31,35154940.53588522
2019-08-01,34990845.21084337
2019-08-02,35017343.6646868
2019-08-05,34776759.701795064
2019-08-06,35008508.985203356
2019-08-07,34983706.46389352
2019-08-08,35031866.78999322
2019-08-09,35120324.264356576
2019-08-12,34942413.51967611
2019-08-13,34772217.783155695
2019-08-14,34861780.64857069
2019-08-15,34881034.46868717
2019-08-16,34900356.08219997
2019-08-19,34968618.38749153
2019-08-20,34884235.9636851
2019-08-21,34565952.93912871
2019-08-22,34326219.842405595
2019-08-23,34396866.47002513
2019-08-26,34731234.6493545
2019-08-27,34886032.25906762
2019-08-28,34709111.48770753
2019-08-29,34660171.312987186
2019-08-30,34801181.253574744
2019-09-02,34648916.43031514
2019-09-03,34496651.60705554
2019-09-04,34485943.6819331
2019-09-05,34572456.756879136
2019-09-06,34635540.22856342
2019-09-09,34725921.87581482
2019-09-10,34788080.6108119
2019-09-11,34864393.16179938
2019-09-12,34873473.000027366
2019-09-13,35003164.96839589
2019-09-16,35020387.906618066
2019-09-17,34763263.53695809
2019-09-18,34777811.87374696
2019-09-19,34544063.21446634
2019-09-20,35325275.64863285
2019-09-23,35618150.143345706
2019-09-24,35695701.817629516
2019-09-25,35515785.31193667
2019-09-26,35674682.12615366
2019-09-27,35568004.846895404
2019-09-30,35393873.28693185
2019-10-01,35110221.145492665
2019-10-02,35061522.86704596
2019-10-03,35007559.43955962
2019-10-04,34870857.69048751
2019-10-07,34729538.92799584
2019-10-08,34830386.49778945
2019-10-09,34932176.68574281
2019-10-10,34807676.324887626
2019-10-11,34884704.94474177
2019-10-14,34940965.560830116
2019-10-15,35030634.66630723
2019-10-16,35179608.94931224
2019-10-17,35417958.49288992
2019-10-18,35633242.06046416
2019-10-21,35630605.275510706
2019-10-22,35624081.300977804
2019-10-23,35688769.00290339
2019-10-24,35633890.29964926
2019-10-25,35526261.66488553
2019-10-28,35638509.18845884
2019-10-29,35765557.67190933
2019-10-30,35831689.70870121
2019-10-31,36002935.931342125
2019-11-01,35989214.753631756
2019-11-04,35970523.83694061
2019-11-05,35805718.85542371
2019-11-06,35821804.93934141
2019-11-07,35872363.93620022
2019-11-08,35818512.74708561
2019-11-11,35879763.03780417
2019-11-12,35804724.47928585
2019-11-13,35752189.508340694
2019-11-14,35680591.40207988
2019-11-15,35727002.08158542
2019-11-18,35769528.49351796
2019-11-19,35719551.3692072
2019-11-20,35706362.90345466
2019-11-21,35603585.31706506
2019-11-22,35526849.13617027
2019-11-25,35683813.14408394
2019-11-26,35554423.00215811
2019-11-27,35670250.7662065
2019-11-28,35779426.57899286
2019-11-29,35737766.953276515
2019-12-02,35685459.599230886
2019-12-03,35495007.89383939
2019-12-04,35546526.093336
2019-12-05,35553255.12584313
2019-12-06,35414306.99021451
2019-12-09,35349814.221650206
2019-12-10,35113400.464212544
2019-12-11,35160141.894393384
2019-12-12,35241779.341781534
2019-12-13,35395008.568857506
2019-12-16,35408710.91681124
2019-12-17,35495346.78247955
2019-12-18,35483091.4467628
2019-12-19,35512527.52209192
2019-12-20,35536695.71594679
2019-12-23,35590043.4237876
2019-12-24,35609777.39705577
2019-12-26,35594482.329496644
2019-12-27,35697194.30510625
2019-12-30,35754774.41658467
2019-12-31,35701485.609399214
2020-01-01,35792638.717333995
2020-01-02,35976279.89933517
2020-01-03,36013703.79800991
2020-01-06,35730267.94545608
2020-01-07,35875760.49256373
2020-01-08,35928484.5153681
2020-01-09,36156162.55325322
2020-01-10,36284013.96635758
2020-01-13,36394470.984911636
2020-01-14,36441154.30535085
2020-01-15,36561672.30609698
2020-01-16,36637121.49344895
2020-01-17,36714751.3466076
2020-01-20,36619987.920779295
2020-01-21,36553059.283566914
2020-01-22,36506163.31474009
2020-01-23,36744068.25759282
2020-01-24,36836835.15660906
2020-01-27,36719739.09797167
2020-01-28,36647547.84422401
2020-01-29,36657920.024018556
2020-01-30,36379231.35437307
2020-01-31,36225577.57574771
2020-02-03,35956099.60584007
2020-02-04,36161986.38583682
2020-02-05,36435400.365023986
2020-02-06,36486815.102824286
2020-02-07,36468347.440365836
2020-02-10,36307965.246660024
2020-02-11,36318565.57501501
2020-02-12,36224769.65263523
2020-02-13,36170202.47874596
2020-02-14,36089126.76369243
2020-02-17,36014418.795004524
2020-02-18,35925289.70482569
2020-02-19,36084896.559683576
2020-02-20,36033172.49431222
2020-02-21,35926243.98010795
2020-02-24,35811900.58044367
2020-02-25,35722017.15633566
2020-02-26,35503294.00501906
2020-02-27,35382297.99156444
2020-02-28,34867884.201373026
2020-03-02,34719386.96253323
2020-03-03,34999896.00208553
2020-03-04,34889778.01651331
2020-03-05,34982245.7392764
2020-03-06,34553359.22995266
2020-03-09,33874372.093494855
2020-03-10,33908052.77805808
2020-03-11,33860001.13653926
2020-03-12,32605174.722417854
2020-03-13,32778790.811694432
2020-03-16,32814125.746400956
2020-03-17,33193881.661057238
2020-03-18,32648573.888689145
2020-03-19,31863274.115010988
2020-03-20,32118463.659616735
2020-03-23,30307470.4857811
2020-03-24,30200375.18192946
2020-03-25,30467737.32743789
2020-03-26,30841981.414960757
2020-03-27,30821612.0999867
2020-03-30,30478413.444975827
2020-03-31,30756546.96223746
2020-04-01,30551647.676099725
2020-04-02,30480362.80059341
2020-04-03,30378457.07933109
2020-04-06,30680456.64326658
2020-04-07,31007536.49612255
2020-04-08,31244179.41846325
2020-04-09,31731495.463266693
2020-04-13,31565585.421008646
2020-04-14,31647202.501480244
2020-04-15,31653664.642054606
2020-04-16,31759437.60050371
2020-04-17,32071121.837462623
2020-04-20,32166160.198790133
2020-04-21,31679245.09268326
2020-04-22,31774415.45330551
2020-04-23,31925676.192482222
2020-04-24,31565655.500648543
2020-04-27,31720976.789829466
2020-04-28,32003145.90537899
2020-04-29,32271773.128200214
2020-04-30,32535963.306860086
2020-05-01,32189661.315662164
2020-05-04,31859041.920661394
2020-05-05,31661522.353182595
2020-05-06,31730539.13968811
2020-05-07,31665924.908743866
2020-05-08,31595417.514619883
2020-05-11,31658430.47543221
2020-05-12,31514747.26914466
2020-05-13,31843183.699297015
2020-05-14,31782603.158126846
2020-05-15,31731351.767942537
2020-05-18,31222388.861776005
2020-05-19,31302157.458795905
2020-05-20,31477771.440633625
2020-05-21,31527834.980431084
2020-05-22,31490281.869746856
2020-05-26,31691968.387684196
2020-05-27,31841561.145668287
2020-05-28,32116835.95981315
2020-05-29,32190251.823415395
2020-06-01,32655129.87891486
2020-06-02,32947645.540246133
2020-06-03,33201959.132477257
2020-06-04,33150547.395414934
2020-06-05,33558850.05547717
2020-06-08,33673132.15869161
2020-06-09,33461621.680629503
2020-06-10,33519568.647655886
2020-06-11,33270697.856742427
2020-06-12,33357155.725897666
2020-06-15,33310105.04230092
2020-06-16,33402857.67715645
2020-06-17,33401568.284225028
2020-06-18,33593796.15720756
2020-06-19,33767255.59650701
2020-06-22,33941643.24354708
2020-06-23,34156433.33447022
2020-06-24,33965214.25981617
2020-06-25,34030156.05010272
2020-06-26,34110326.3027533
2020-06-29,33966112.4911927
2020-06-30,33926546.618228756
2020-07-01,34031664.65453763
2020-07-02,34193058.921244025
2020-07-03,34260674.70897796
2020-07-06,34480573.33490776
2020-07-07,34509945.03178467
2020-07-08,34426787.12980742
2020-07-09,34506292.10612752
2020-07-10,34370206.861716025
2020-07-13,34215372.872812584
2020-07-14,33952416.76571096
2020-07-15,33984789.45735603
2020-07-16,33996437.98833022
2020-07-17,34219508.941200316
2020-07-20,34356198.37575079
2020-07-21,34333724.57012963
2020-07-22,34327171.61515696
2020-07-23,34750708.42426616
2020-07-24,34552055.13138353
2020-07-27,34353846.44416634
2020-07-28,34522135.4371685
2020-07-29,34576499.39243785
2020-07-30,34516692.585492484
2020-07-31,34545581.08437529
2020-08-03,34483601.681299165
2020-08-04,34611699.0945676
2020-08-05,34737550.3330453
2020-08-06,34960136.26815504
2020-08-07,35048064.92250413
2020-08-10,35156307.9554986
2020-08-11,35321004.18902231
2020-08-12,35340219.78511354
2020-08-13,35442804.18317274
2020-08-14,35268785.45834644
2020-08-17,35475655.94811384
2020-08-18,35762348.831025966
2020-08-19,35880247.30884593
2020-08-20,35896548.65059038
2020-08-21,35988045.766495585
2020-08-24,36111242.84327474
2020-08-25,36146714.04471768
2020-08-26,36215360.13014551
2020-08-27,36303153.48128974
2020-08-28,36310763.90316813
2020-08-31,35581198.94746227
2020-09-01,35656561.7123904
2020-09-02,35872908.159392975
2020-09-03,36028880.69683801
2020-09-04,35773334.834959514
2020-09-07,35686547.285494156
2020-09-08,35463840.53085267
2020-09-09,35300917.12141618
2020-09-10,35481266.80448026
2020-09-11,35670395.20907217
2020-09-14,36014713.66366715
2020-09-15,36181153.62926338
2020-09-16,36244965.044414915
2020-09-17,36169827.96056782
2020-09-18,36214884.097883776
2020-09-21,35580486.73256706
2020-09-22,35370248.284446195
2020-09-23,35302360.169901386
2020-09-24,34821458.27074084
2020-09-25,35269383.903872244
2020-09-28,35683519.562810846
2020-09-29,35643902.91524275
2020-09-30,35668429.6907466
2020-10-01,35844409.534255646
2020-10-02,35926595.904493056
2020-10-05,36029163.372109056
2020-10-06,36164646.82565263
2020-10-07,36091441.802603535
2020-10-08,36226547.90283549
2020-10-09,36268595.522641696
2020-10-12,36156843.28893052
2020-10-13,36109700.5207805
2021-01-01,39702944.90204494
2021-01-04,40022785.49311554
2021-01-05,40112566.34248362
2021-01-06,40172371.73541803
2021-01-07,40464793.86635221
2021-01-08,40720150.394538336
2021-01-11,40801591.79657825
2021-01-12,40879671.225583315
2021-01-13,40889633.38604575
2021-01-14,40885233.67127382
2021-01-15,40648169.39148683
2021-01-18,40346495.314440295
2021-01-19,40754099.27703096
2021-01-20,40930149.632251635
2021-01-21,40875833.19956771
2021-01-22,40712001.34401411
2021-01-25,40470683.140905485
2021-01-26,40347142.90491924
2021-01-27,40223862.47458262
2021-01-28,40248653.86036752
2021-01-29,39918417.010132
2021-02-01,40776979.71223984
2021-02-02,41452846.30698354
2021-02-03,41607140.99449474
2021-02-04,41837163.37824604
2021-02-05,41805009.650745176
2021-02-08,42234044.56559057
2021-02-09,42168135.135121174
2021-02-10,42157849.79770525
2021-02-11,42292845.23972423
2021-02-12,42258838.25879422
2021-02-15,42375356.54869709
2021-02-16,42377502.935006514
2021-02-17,42405040.767361194
2021-02-18,42353149.266188934
2021-02-19,42072442.90587731
2021-02-22,41722626.00864277
2021-02-23,41921481.67979715
2021-02-24,42210240.70971803
2021-02-25,42599478.25163227
2021-02-26,42033819.43929798
2021-03-01,42511385.48766147
2021-03-02,42867993.709736064
2021-03-03,43150004.43760003
2021-03-04,43261887.96133635
2021-03-05,42805494.75419413
2021-03-08,42772222.34506833
2021-03-09,42715401.08018868
2021-03-10,42939787.709151834
2021-03-11,42901141.13508472
2021-03-12,42852361.58838995
2021-03-15,42680039.23654078
2021-03-16,42710119.13945684
2021-03-17,42201167.19919051
2021-03-18,41875718.1866169
2021-03-19,41978847.92062535
2021-03-22,42098558.41793211
2021-03-23,42255598.66371467
2021-03-24,41846733.953701526
2021-03-25,41427295.386559084
2021-03-26,41722533.57247242
2021-03-29,41870577.587823525
2021-03-30,42037168.82705115
2021-03-31,42061460.31086306
2021-04-01,42449298.10432523
2021-04-05,42046528.1706046
2021-04-06,42165374.537985444
2021-04-07,42442497.48875261
2021-04-08,42720687.39705664
2021-04-09,42766545.27406363
2021-04-12,41542061.073737904
2021-04-13,41870680.11852625
2021-04-14,41865713.173553064
2021-04-15,41871102.04956107
2021-04-16,42099513.30542508
2021-04-19,41690822.04543109
2021-04-20,41609902.30645309
2021-04-21,41630861.02925349
2021-04-22,41611400.80451301
2021-04-23,41635765.855951
2021-04-26,41837966.42966025
2021-04-27,42178292.40807258
2021-04-28,42358552.64157472
2021-04-29,42366046.31904615
2021-04-30,42165544.136945866
2021-05-03,42305897.16039635
2021-05-04,42072075.4663527
2021-05-05,42222391.62199612
2021-05-06,42323988.18655978
2021-05-07,42427631.66365119
2021-05-10,42579857.27638181
2021-05-11,42681695.17493623
2021-05-12,42683998.66457647
2021-05-13,42583912.46322632
2021-05-14,42466749.27564017
2021-05-17,42864338.34625408
2021-05-18,43201635.769123815
2021-05-19,43200237.11175554
2021-05-20,43215816.78066378
2021-05-21,43331854.86310671
2021-05-24,43376407.62418521
2021-05-25,43332396.815890044
2021-05-26,43498341.41902947
2021-05-27,43699942.29379348
2021-05-28,43610451.62020864
2021-05-31,43712363.85396125
2021-06-01,43541813.9724147
2021-06-02,43813114.90013277
2021-06-03,44068388.8402441
2021-06-04,44160935.79351138
2021-06-07,44472521.8572767
2021-06-08,44499423.24481303
2021-06-09,44182365.3968348
2021-06-10,44463244.459588714
2021-06-11,44532552.57646309
2021-06-14,44563825.33611187
2021-06-15,44680387.25319631
2021-06-16,44460164.42288101
2021-06-17,44378918.32597551
2021-06-18,44195096.090256326
2021-06-21,44364353.34952076
2021-06-22,44596713.322241016
2021-06-23,44628050.61460119
2021-06-24,44670273.2081695
2021-06-25,44778463.93343097
2021-06-28,44886376.945432715
2021-06-29,44754166.817397885
2021-06-30,44714323.94200857
2021-07-01,44707957.43332547
2021-07-02,44772632.576194115
2021-07-05,45026283.19447743
2021-07-06,45082259.40344251
2021-07-07,45088672.56582639
2021-07-08,44927657.590516694
2021-07-09,44956995.089332685
2021-07-12,45162353.29879114
2021-07-13,45294393.58065553
2021-07-14,45339195.6134965
2021-07-15,45403277.95972294
2021-07-16,45570406.61266532
2021-07-19,45405098.85721584
2021-07-20,45141792.28559018
2021-07-21,45294468.88456932
2021-07-22,45447533.051905684
2021-07-23,45484413.34429768
2021-07-26,45546309.49552359
2021-07-27,45464651.28350238
2021-07-28,45498636.95981676
2021-07-29,45808997.64961396
2021-07-30,45822569.42766739
2021-08-02,45993387.587852895
2021-08-03,46160364.41195438
2021-08-04,45925148.64452782
2021-08-05,45797523.35374551
2021-08-06,45873549.16725209
2021-08-09,45694425.6021824
2021-08-10,45260832.814973205
2021-08-11,45261553.75908222
2021-08-12,45454181.504361115
2021-08-13,45492999.19985649
2021-08-16,45353593.49662972
2021-08-17,45344587.489003345
2021-08-18,45356313.11649952
2021-08-19,45120588.55557882
2021-08-20,44892301.20177275
2021-08-23,44576066.23590005
2021-08-24,44846327.77208381
2021-08-25,44863905.592071384
2021-08-26,44922679.17612118
2021-08-27,45204466.21627801
2021-08-30,45563303.88394028
2021-08-31,45729585.04239054
2021-09-01,45881270.93074208
2021-09-02,46188368.66814925
2021-09-03,46242467.40360074
2021-09-06,46419394.81170266
2021-09-07,46401424.07818011
2021-09-08,46374322.018330075
2021-09-09,46474949.23708108
2021-09-10,46523580.218511604
2021-09-13,46579801.16081246
2021-09-14,46773714.15618575
2021-09-15,46936270.629371434
2021-09-16,47020267.439683266
2021-09-17,46735063.042006895
2021-09-20,46185581.31645665
2021-09-21,46395094.37644215
2021-09-22,46656197.012131386
2021-09-23,46894832.506256826
2021-09-24,46760010.335910775
2021-09-27,46825819.823211454
2021-09-28,46658535.87466877
2021-09-29,46650122.76322794
2021-09-30,46664557.09738202
2021-10-01,46751144.032851875
2021-10-04,47155084.64365248
2021-10-05,47394260.6993301
2021-10-06,47145503.47664152
2021-10-07,47524839.46187415
2021-10-08,47551462.32858558
2021-10-11,47583083.3746248
2021-10-12,47623249.4018554
2021-10-13,47943276.18640298
2021-10-14,48195131.73526294
2021-10-15,48261939.634749785
2021-10-18,48316027.827023126
2021-10-19,47805142.18454845
2021-10-20,47423729.241963595
2021-10-21,47103852.83283037
2021-10-22,46881367.377229534
2021-10-25,46877302.10892553
2021-10-26,47267170.00256598
2021-10-27,47368284.99485258
2021-10-28,47011058.23364426
2021-10-29,47132082.3544366
2021-11-01,47415531.77926239
2021-11-02,47512112.997594446
2021-11-03,47563269.79412601
2021-11-04,47770999.55181301
2021-11-05,47908785.7938988
2021-11-08,48057433.845152415
2021-11-09,48171227.04328625
2021-11-10,48092873.74384668
2021-11-11,47951941.64642499
2021-11-12,48058223.13457101
2021-11-15,47966109.71884861
2021-11-16,47913921.45214361
2021-11-17,47798150.808805436
2021-11-18,47383005.82508087
2021-11-19,47161725.699623466
2021-11-22,46915810.79785662
2021-11-23,47220728.66598844
2021-11-24,47116611.0811095
2021-11-25,47101681.11503419
2021-11-26,46283832.66920889
2021-11-29,46092817.717326164
2021-11-30,46321319.48513846
2021-12-01,46442451.004209094
2021-12-02,46800900.00110387
2021-12-03,46781822.583190285
2021-12-06,46438454.88902129
2021-12-07,46915571.28617105
2021-12-08,47261802.70183726
2021-12-09,47365404.42067102
2021-12-10,47622853.87138025
2021-12-13,47479876.57032486
2021-12-14,47360149.09830572
2021-12-15,47225522.16387856
2021-12-16,47182575.18254143
2021-12-17,46656216.755529195
2021-12-20,46006107.598198935
2021-12-21,46453367.2906664
2021-12-22,46807043.99195618
2021-12-23,46999952.08026049
2021-12-24,46772266.34226988
2021-12-27,46780062.82306766
2021-12-28,47108177.39409178
2021-12-29,47137430.66638866
2021-12-30,47053297.285128206
2021-12-31,47330905.33332904
2022-01-03,47725973.490696825
2022-01-04,47782047.81276835
2022-01-05,47773258.83717738
2022-01-06,47674500.85449957
2022-01-07,47780730.04068172
2022-01-10,47958748.577372774
2022-01-11,47998149.26463722
2022-01-12,48357360.89735269
2022-01-13,48476652.719445854
2022-01-14,48640531.338028066
2022-01-17,49013032.26086973
2022-01-18,48399133.15512736
2022-01-19,48353489.92709648
2022-01-20,48171035.980555706
2022-01-21,47589964.36916634
2022-01-24,46650893.05203823
2022-01-25,46917779.422569916
2022-01-26,46832261.577321045
2022-01-27,46728590.1517248
2022-01-28,46884168.23215416
2022-01-31,47222639.80122505
2022-02-01,47540919.434749275
2022-02-02,47848744.02309824
2022-02-03,47684108.95915768
2022-02-04,47659514.35616681
2022-02-07,47518550.68590951
2022-02-08,47388939.920563824
2022-02-09,47654228.19347544
2022-02-10,47769789.03991134
2022-02-11,47168927.97757789
2022-02-14,46192171.97367683
2022-02-15,46722999.081055716
2022-02-16,46753830.921608895
2022-02-17,46629857.59449277
2022-02-18,46423888.32408604
2022-02-21,46027802.02527136
2022-02-22,45632782.70468617
2022-02-23,45735372.647232644
2022-02-24,44348732.35692128
2022-02-25,45173721.38096877
2022-02-28,45314481.48964667
2022-03-01,45199546.502701595
2022-03-02,45157372.14753754
2022-03-03,44897379.73568452
2022-03-04,44561910.78901911
2022-03-07,43813769.19711176
2022-03-08,44184379.96652069
2022-03-09,44706811.02083118
2022-03-10,44991216.23050492
2022-03-11,44998943.00400168
2022-03-14,45053475.952359825
2022-03-15,44876864.998773575
2022-03-16,45525395.860708244
2022-03-17,45712887.7517254
2022-03-18,45662267.169920065
2022-03-21,45568526.95048951
2022-03-22,45605621.664797336
2022-03-23,45576389.397509724
2022-03-24,45651460.16222272
2022-03-25,45522398.980071045
2022-03-28,45453679.10488226
2022-03-29,45711906.97812533
2022-03-30,45932644.76382999
2022-03-31,46055824.21938576
2022-04-01,46612428.36293895
2022-04-04,46980139.73578104
2022-04-05,47416777.48540487
2022-04-06,47598094.52554388
2022-04-07,47555143.309577055
2022-04-08,47848901.88617886
2022-04-11,47884369.61266275
2022-04-12,47561167.101902656
2022-04-13,47655853.19538996
2022-04-14,47502722.29216055
2022-04-18,47288522.655724116
2022-04-19,47012776.15964652
2022-04-20,47415993.8419583
2022-04-21,47678299.88852593
2022-04-22,47494813.00517038
2022-04-25,46996327.35670999
2022-04-26,47305578.1982929
2022-04-27,47174173.128683545
2022-04-28,47376142.54833061
2022-04-29,47175203.60954779
2022-05-02,47085360.35424144
2022-05-03,46769672.331643365
2022-05-04,46492573.84741499
2022-05-05,46366453.07685026
2022-05-06,45736204.982509516
2022-05-09,45371526.72122629
2022-05-10,45137210.85767885
2022-05-11,44859503.94712845
2022-05-12,44369039.30324181
2022-05-13,44501675.06078582
2022-05-16,44631976.522508435
2022-05-17,45297747.23739816
2022-05-18,45386773.61790321
2022-05-19,44743107.112902865
2022-05-20,45340308.30195906
2022-05-23,45192848.87510833
2022-05-24,44952421.1518866
2022-05-25,44484036.99372387
2022-05-26,44717432.183738105
2022-05-27,44891485.29092632
2022-05-30,45392523.17240748
2022-05-31,45414502.73734939
2022-06-01,45462179.364311315
2022-06-02,45646147.94581498
2022-06-03,45206060.69714781
2022-06-06,45092547.321274236
2022-06-07,44938097.24413904
2022-06-08,44898381.393143915
2022-06-09,44809078.63821526
2022-06-10,44542217.6030798
2022-06-13,43843497.3663001
2022-06-14,43916263.75319697
2022-06-15,44027614.75072716
2022-06-16,43413377.68435281
2022-06-17,43272432.34685122
2022-06-20,42958758.75218197
2022-06-21,43522300.72178171
2022-06-22,43263650.98177204
2022-06-23,43538809.94297554
2022-06-24,43902468.94705363
2022-06-27,44149338.825505875
2022-06-28,44229289.915651776
2022-06-29,44143656.728970505
2022-06-30,44037224.948515534
2022-07-01,44201871.52694338
2022-07-04,44360398.83129475
2022-07-05,44406329.060064524
2022-07-06,44813278.97482163
2022-07-07,45059897.4305697
2022-07-08,45016125.61967533
2022-07-11,45219590.33491055
2022-07-12,45014409.35883153
2022-07-13,45083917.01774322
2022-07-14,45060767.79175398
2022-07-15,45233679.8701721
2022-07-18,45532773.749484986
2022-07-19,45755909.554128096
2022-07-20,45755140.32429436
2022-07-21,46112124.1650283
2022-07-22,46348713.91211558
2022-07-25,46114773.75821014
2022-07-26,45926203.00329612
2022-07-27,46144026.50039514
2022-07-28,46325917.30578129
2022-07-29,46587651.88958116
2022-08-01,46972076.752581626
2022-08-02,47131627.140326604
2022-08-03,46908148.33823746
2022-08-04,47029201.52922721
2022-08-05,47012406.75805731
2022-08-08,46995017.0596639
2022-08-09,46951768.736036025
2022-08-10,46947906.90288253
2022-08-11,47115964.292360365
2022-08-12,47204920.0857655
2022-08-15,47395509.39504613
2022-08-16,47603163.63226697
2022-08-17,47763617.46216263
2022-08-18,47936657.51092222
2022-08-19,47678372.17723319
2022-08-22,47247499.96828715
2022-08-23,47437171.534753926
2022-08-24,47594318.72165405
2022-08-25,47751107.76295356
2022-08-26,47819250.57476431
2022-08-29,47609954.80270801
2022-08-30,47829380.44719558
2022-08-31,47811895.6027399
2022-09-01,47816344.43029305
2022-09-02,47758926.25115946
2022-09-05,47824697.530357696
2022-09-06,47936737.1099651
2022-09-07,48148730.270707004
2022-09-08,48409383.33806744
2022-09-09,48485063.11129706
2022-09-12,48817669.11412262
2022-09-13,48827668.41424342
2022-09-14,48759488.384140216
2022-09-15,48746509.450411156
2022-09-16,47986319.34423483
2022-09-19,47997487.25657449
2022-09-20,48193015.129536696
2022-09-21,47993739.30673373
2022-09-22,48072821.632139586
2022-09-23,47554379.521890424
2022-09-26,46920487.50695491
2022-09-27,46993952.81326954
2022-09-28,46969103.27858925
2022-09-29,47050684.240957595
2022-09-30,47330420.298910394
2022-10-03,47018617.69329988
2022-10-04,47536969.28100493
2022-10-05,47634226.62896681
2022-10-06,47737113.728334524
2022-10-07,47704623.96856868
2022-10-10,47536872.66806389
2022-10-11,47154642.85169855
2022-10-12,47276218.24398262
2022-10-13,47163851.17878951
2022-10-14,47144446.9500106
2022-10-17,47242112.55590431
2022-10-18,47555399.12505474
2022-10-19,47490975.46971326
2022-10-20,47347731.82850134
2022-10-21,47251732.608823285
2022-10-24,47372130.850130685
2022-10-25,47386882.50250536
2022-10-26,47479120.167257935
2022-10-27,47587846.86126244
2022-10-28,47589149.317512535
2022-10-31,47974205.80769085
2022-11-01,48082388.59994577
2022-11-02,47990833.17409895
2022-11-03,47985340.19695033
2022-11-04,48266177.05238216
2022-11-07,48536804.212739795
2022-11-08,48430102.88128505
2022-11-09,48347545.98612335
2022-11-10,48090577.87534466
2022-11-11,48337648.05675792
2022-11-14,48291406.279149786
2022-11-15,48317651.39305923
2022-11-16,48211441.94665558
2022-11-17,48016761.307255365
2022-11-18,47958649.23903903
2022-11-21,47998785.385284245
2022-11-22,48041145.52263278
2022-11-23,47973367.13082172
2022-11-24,48045782.31213562
2022-11-25,48198093.68599205
2022-11-28,48261591.561775856
2022-11-29,48286061.97970893
2022-11-30,48640423.33327829
2022-12-01,48781715.65591933
2022-12-02,48885041.11280187
2022-12-05,49036634.084349565
2022-12-06,48993909.13058552
2022-12-07,48914625.81124527
2022-12-08,49182626.957163535
2022-12-09,49056566.38085924
2022-12-12,49344092.34733057
2022-12-13,49594386.89207104
2022-12-14,49845869.167361155
2022-12-15,49711370.62736414
2022-12-16,49421341.3578579
2022-12-19,49469842.51116272
2022-12-20,49445581.370282665
2022-12-21,48885049.45066721
2022-12-22,48513137.467458054
2022-12-23,47617870.185601845
2022-12-26,48316152.61064914
2022-12-27,48621813.43857056
2022-12-28,48701946.54530332
2022-12-29,48753442.46980963
2022-12-30,48952285.47407691
2023-01-02,49177230.417644404
2023-01-03,49329509.259768166
2023-01-04,49207303.74242035
2023-01-05,49293057.809914686
2023-01-06,49207859.26246735
2023-01-09,49508567.680863045
2023-01-10,49312722.96750742
2023-01-11,49374132.94485042
2023-01-12,49407693.90078362
2023-01-13,49457554.528145574
2023-01-16,49411891.40620347
2023-01-17,49446701.49813335
2023-01-18,49592585.59644103
2023-01-19,49658030.11546277
2023-01-20,49478620.451313004
2023-01-23,49263145.120312005
2023-01-24,49209036.82772193
2023-01-25,48865261.416921176
2023-01-26,48689473.37285124
2023-01-27,48479389.556272574
2023-01-30,48474261.64037212
2023-01-31,48905721.58811731
2023-02-01,48789233.99994458
2023-02-02,48965362.04215433
2023-02-03,48922933.088118024
2023-02-06,48855533.17058242
2023-02-07,48837577.198867396
2023-02-08,49112940.358922124
2023-02-09,49035776.3131954
2023-02-10,49033482.661350004
2023-02-13,48711591.13429228
2023-02-14,48638175.56694875
2023-02-15,48763582.41301732
2023-02-16,48796163.795630574
2023-02-17,48706171.53974454
2023-02-20,48679333.14068885
2023-02-21,48569602.24115462
2023-02-22,48224946.4388744
2023-02-23,48243143.14889398
2023-02-24,48129247.76726317
2023-02-27,47796128.53261957
2023-02-28,48022757.93442585
2023-03-01,48395210.24879835
2023-03-02,48169794.67381799
2023-03-03,48291608.03973855
2023-03-06,48575184.55895378
2023-03-07,48606278.67355616
2023-03-08,48651528.122942
2023-03-09,48499783.387085706
2023-03-10,48463256.482901216
2023-03-13,47953685.690748945
2023-03-14,47761492.59019069
2023-03-15,47585492.49517193
2023-03-16,47594964.22324332
2023-03-17,47751301.3764271
2023-03-20,47577370.85682219
2023-03-21,47684911.89064613
2023-03-22,47772886.0739154
2023-03-23,47670993.530220985
2023-03-24,47410703.262851216
2023-03-27,47226996.613123104
2023-03-28,47059436.9684143
2023-03-29,47429038.426458724
2023-03-30,47547229.70219561
2023-03-31,47657077.92585815
2023-04-03,47834348.84795869
2023-04-04,47893320.16048206
2023-04-05,47980238.09249433
2023-04-06,48097295.416008815
2023-04-10,48154559.83802775
2023-04-11,48159346.332941554
2023-04-12,48217277.8550565
2023-04-13,48206917.539354734
2023-04-14,48248082.722259775
2023-04-17,48300705.77154604
2023-04-18,48317260.246251486
2023-04-19,48221456.376462884
2023-04-20,48270381.998554334
2023-04-21,48185560.71569533
2023-04-24,48193636.12787365
2023-04-25,48121263.197306275
2023-04-26,48342255.399421416
2023-04-27,48452798.213591695
2023-04-28,48647899.96500483
2023-05-01,48750295.501268454
2023-05-02,48856354.82646951
2023-05-03,48848701.68856285
2023-05-04,48951237.476871796
2023-05-05,48818179.06269769
2023-05-08,48921603.63653125
2023-05-09,48889984.73949551
2023-05-10,49008939.42911422
2023-05-11,49243399.22902239
2023-05-12,49166858.47143595
2023-05-15,49206814.95835511
2023-05-16,49117022.440177
2023-05-17,49057493.50343571
2023-05-18,48782596.617846385
2023-05-19,48963916.231168404
2023-05-22,49138922.39035491
2023-05-23,49097281.6968708
2023-05-24,49142022.46780368
2023-05-25,49145168.19945807
2023-05-26,49371854.701035365
2023-05-29,49448109.38305
2023-05-30,49518674.401112996
2023-05-31,49657501.1978964
2023-06-01,49800271.10593964
2023-06-02,49913855.42923485
2023-06-05,49972950.47560561
2023-06-06,50042025.05401692
2023-06-07,50235509.4689082
2023-06-08,50099408.74679273
2023-06-09,50034578.8649477
2023-06-12,50200973.41424637
2023-06-13,50297051.16319831
2023-06-14,50433384.899397254
2023-06-15,50410211.40574423
2023-06-16,50478694.72020099
2023-06-19,50408001.8723694
2023-06-20,50469954.06098131
2023-06-21,50511874.94100262
2023-06-22,50296918.18459946
2023-06-23,49969179.37656914
2023-06-26,50103896.76692349
2023-06-27,50275418.24081413
2023-06-28,50400875.969940595
2023-06-29,50534894.30881673
2023-06-30,50680927.45086191
2023-07-03,50823392.94030277
2023-07-04,50853743.506426275
2023-07-05,51046590.347200185
2023-07-06,51255638.184486434
2023-07-07,51095945.253413334
2023-07-10,50982459.61203456
2023-07-11,51102429.64939035
2023-07-12,51026001.03709538
2023-07-13,50951904.415796205
2023-07-14,51169991.11747872
2023-07-17,51413831.97925807
2023-07-18,51356929.168993354
2023-07-19,51535942.98367316
2023-07-20,51437848.43670179
2023-07-21,51427943.219153166
2023-07-24,51396484.12985047
2023-07-25,51568796.92379117
2023-07-26,51651815.41324557
2023-07-27,51494158.59085293
2023-07-28,51523596.07281115
2023-07-31,51831870.32480184
2023-08-01,51800654.273543805
2023-08-02,51526975.40773256
2023-08-03,51507340.204674706
2023-08-04,51676145.51836548
2023-08-07,51872387.768068254
2023-08-08,51773705.114023186
2023-08-09,51866337.62381811
2023-08-10,51915338.871308856
2023-08-11,51828303.160276465
2023-08-14,51601056.79016395
2023-08-15,51676950.39546044
2023-08-16,51792053.29871553
2023-08-17,51809251.96542444
2023-08-18,51628565.59207557
2023-08-21,51867800.541786335
2023-08-22,51967484.519588314
2023-08-23,52077302.86311562
2023-08-24,52204462.53729132
2023-08-25,51984725.36535735
2023-08-28,52230312.815286234
2023-08-29,52476214.02186962
2023-08-30,52696008.09735586
2023-08-31,52841580.41095476
2023-09-01,53109977.828941025
2023-09-04,53411614.051181205
2023-09-05,53452788.95028612
2023-09-06,53426309.71079832
2023-09-07,53606395.72457038
2023-09-08,53775607.336092025
2023-09-11,54042239.445009656
2023-09-12,53111334.69783828
2023-09-13,53345939.76836818
2023-09-14,53550609.185073026
2023-09-15,53746404.5301747
2023-09-18,53770107.662859
2023-09-19,53669548.49597912
2023-09-20,53575866.009551674
2023-09-21,53276569.24484718
2023-09-22,53263256.30108984
2023-09-25,53307589.63012022
2023-09-26,53370533.06217197
2023-09-27,53493039.4308873
2023-09-28,53251192.04717966
2023-09-29,53480506.39632766
2023-10-02,53521411.3239417
2023-10-03,53585266.27222048
2023-10-04,53333433.54368961
2023-10-05,53280230.219266616
2023-10-06,53560364.83984774
2023-10-09,53065881.3078747
2023-10-10,53428392.13657922
2023-10-11,53639549.61754217
2023-10-12,53748199.19111445
2023-10-13,53800500.76532147
2023-10-16,53964875.20938522
2023-10-17,54060060.83046018
2023-10-18,53879978.69211064
2023-10-19,53720584.16103434
2023-10-20,53430623.24866146
2023-10-23,52554081.91402364
2023-10-24,52365421.00855645
2023-10-25,52203028.04210557
2023-10-26,52176619.79532625
2023-10-27,52603221.62357671
2023-10-30,52827083.73627934
2023-10-31,52822569.50561118
2023-11-01,52683639.193686254
2023-11-02,52971850.398358114
2023-11-03,53176118.97435496
2023-11-06,53366482.535503864
2023-11-07,53291787.36801898
2023-11-08,53640863.777398534
2023-11-09,53692861.8620672
2023-11-10,53873410.7314124
2023-11-13,54164841.987391725
2023-11-14,54373219.3608362
2023-11-15,54564103.690812804
2023-11-16,54587386.80368635
2023-11-17,54769218.89984038
2023-11-20,54597277.7123629
2023-11-21,54583600.109674565
2023-11-22,54483179.940476224
2023-11-23,54471960.24142072
2023-11-24,54314779.69406224
2023-11-27,54420692.10536264
2023-11-28,54511128.79848099
2023-11-29,54659598.825649604
2023-11-30,54896354.9934699
2023-12-01,55107022.17233645
2023-12-04,55617905.81222762
2023-12-05,55718294.93777686
2023-12-06,55782896.1945369
2023-12-07,56021438.8418866
2023-12-08,55917197.687285356
2023-12-11,56105774.59552856
2023-12-12,56200680.73306563
2023-12-13,56291739.338122725
2023-12-14,56748220.51919817
2023-12-15,57019089.30257963
2023-12-18,57150535.127953425
2023-12-19,57259959.42251784
2023-12-20,56371871.060267344
2023-12-21,56630272.96259462
2023-12-22,56941653.92019378
2023-12-26,57155577.79737377
2023-12-27,57343518.72907615
2023-12-28,57451606.76081074
2023-12-29,57624392.54351286
2024-01-01,57915240.34598642
2024-01-02,57867602.62908745
2024-01-03,57866483.78327289
2024-01-04,58290646.847178936
2024-01-05,58572198.787967585
2024-01-08,58262669.80431768
2024-01-09,58355076.407012805
2024-01-10,58400591.498940915
2024-01-11,58672477.075557135
2024-01-12,58749856.5754236
2024-01-15,58808885.210598536
2024-01-16,58793804.76131337
2024-01-17,58409807.741425365
2024-01-18,58424716.76070809
2024-01-19,59093372.67305278
2024-01-22,58680923.8709991
2024-01-23,58168352.36888122
2024-01-24,58661301.56656895
2024-01-25,58807490.24721716
2024-01-26,59022250.467738315
2024-01-29,59212097.65066424
2024-01-30,59145906.26493371
2024-01-31,59706247.23426415
2024-02-01,59615302.646645926
2024-02-02,59783500.9157789
2024-02-05,59526094.12564905
2024-02-06,60102796.965229936
2024-02-07,60404228.11551793
2024-02-08,60207186.8249658
2024-02-09,60297601.47306266
2024-02-12,59502608.87319718
2024-02-13,59545956.18444236
2024-02-14,59968338.22177916
2024-02-15,60408631.613126874
2024-02-16,60496068.32207743
2024-02-19,60630616.59823248
2024-02-20,60652224.21644499
2024-02-21,60349233.833345145
2024-02-22,60865776.916889384
2024-02-23,61027144.36879672
2024-02-26,60800776.78994391
2024-02-27,60930263.091443375
2024-02-28,60328306.36322959
2024-02-29,61203575.33343215
2024-03-01,61652937.61441826
2024-03-04,61555070.38309733
2024-03-05,61372858.66221314
2024-03-06,60808899.269408904
2024-03-07,60914311.68665188
2024-03-08,60794340.85508276
2024-03-11,60615407.21185045
2024-03-12,59607177.38872441
2024-03-13,58072360.099684134
2024-03-14,59038676.59844687
2024-03-15,59103215.903487846
2024-03-18,59093031.95841389
2024-03-19,58685078.487613596
2024-03-20,58729116.52353671
2024-03-21,59407149.36621128
2024-03-22,59704214.314760916
2024-03-25,59666058.57787896
2024-03-26,59653789.51694826
2024-03-27,59778174.66884971
2024-03-28,60131039.589881636
2024-04-01,60961294.32313888
2024-04-02,61303448.61579825
2024-04-03,61548052.42722395
2024-04-04,61508719.54090983
2024-04-05,61723592.797530025
2024-04-08,61901769.627279885
2024-04-09,61818958.16682601
2024-04-10,62000972.05624591
2024-04-11,61865006.378943145
2024-04-12,61726063.68327958
2024-04-15,60994349.04230901
2024-04-16,61011446.3992514
2024-04-17,60911485.315048754
2024-04-18,60845388.62012106
2024-04-19,60865592.32271047
2024-04-22,61592919.09260701
2024-04-23,61691083.20541072
2024-04-24,62012133.93007807
2024-04-25,62121879.15393323
2024-04-26,62223211.70987732
2024-04-29,62526404.422369935
2024-04-30,62683243.44947146
2024-05-01,62688534.75463911
2024-05-02,62715818.32040586
2024-05-03,62594168.48806978
2024-05-06,62510492.848438926
2024-05-07,62052811.95500541
2024-05-08,62048960.1039088
2024-05-09,61284162.61041592
2024-05-10,61374212.31423634
2024-05-13,61616935.89518835
2024-05-14,62060658.06629027
2024-05-15,62479157.58951456
2024-05-16,62741350.67751836
2024-05-17,63121828.53285525
2024-05-20,63191436.54632386
2024-05-21,63247813.571628936
2024-05-22,63320667.88555039
2024-05-23,63545507.208091594
2024-05-24,63657946.12498784
2024-05-27,63766479.92466542
2024-05-28,63512860.45671995
2024-05-29,63373612.49444742
2024-05-30,62835874.531492986
2024-05-31,62729703.24052816
2024-06-03,63682351.56435343
2024-06-04,61742352.23779926
2024-06-05,62803791.29846162
2024-06-06,63440850.87119406
2024-06-07,64293398.61520096
2024-06-10,64809954.1767599
2024-06-11,64818431.54909438
2024-06-12,64963736.98567138
2024-06-13,65392956.29123968
2024-06-14,65714074.51071416
2024-06-17,65857132.4361424
2024-06-18,65980732.920451485
2024-06-19,65621928.26213686
2024-06-20,65757693.37676529
2024-06-21,65603995.676253006
2024-06-24,65693809.4007795
2024-06-25,65723435.57990282
2024-06-26,65767023.383948594
2024-06-27,65677418.804279186
2024-06-28,65683062.00793121
2024-07-01,66183943.32460226
2024-07-02,66198627.72243647
2024-07-03,66562823.58284788
2024-07-04,66645311.62824409
2024-07-05,67003014.18737666
2024-07-08,67094199.97354724
2024-07-09,67591813.60431094
2024-07-10,67248059.13688974
2024-07-11,67454779.4348201
2024-07-12,67487380.90804467
2024-07-15,67650101.81175368
2024-07-16,67742582.2725309
2024-07-17,67708799.4829289
2024-07-18,67596427.07211383
2024-07-19,66600103.254673675
2024-07-22,66852352.92281143
2024-07-23,66784880.729774244
2024-07-24,66991490.59061169
2024-07-25,67149461.53587323
2024-07-26,67611724.73422374
2024-07-29,67929526.3417886
2024-07-30,68042737.0879568
2024-07-31,68433328.83299649
2024-08-01,68151201.07737231
2024-08-02,67505403.43849185
2024-08-05,66097767.04064907
2024-08-06,65778805.48677933
2024-08-07,66536822.28375813
2024-08-08,66219332.29504436
2024-08-09,66461062.19564868
2024-08-12,66484845.47999406
2024-08-13,66280623.41358988
2024-08-14,66056630.34931526
2024-08-15,66367637.86178097
2024-08-16,66667140.88552301
2024-08-19,67120813.29313585
2024-08-20,67275183.69405071
2024-08-21,67481007.3563222
2024-08-22,67731205.98614857
2024-08-23,67707423.88212365
2024-08-26,67875666.76338516
2024-08-27,67987503.93215452
2024-08-28,67869981.76571609
2024-08-29,67776560.87139325
2024-08-30,68037246.14471917
2024-09-02,67966902.40620138
2024-09-03,68169468.4752589
2024-09-04,68139009.2028503
2024-09-05,68168693.56797938
2024-09-06,67803189.25360851
2024-09-09,67829894.17550668
2024-09-10,68170043.67164023
2024-09-11,67795793.3918089
2024-09-12,68280242.71793208
2024-09-13,68567258.15174773
2024-09-16,68598098.57817955
2024-09-17,68453484.08539988
2024-09-18,68282524.38446976
2024-09-19,68079180.6224766
2024-09-20,68533296.47187953
2024-09-23,68752130.1962399
2024-09-24,68776156.59858863
2024-09-25,68633376.20094505
2024-09-26,68890179.51113355
2024-09-27,68839796.43269427
2024-09-30,68720781.39049777
2024-10-01,68588635.92025991
2024-10-02,68217395.87797949
2024-10-03,67862322.78878872
2024-10-04,67578526.34245364
2024-10-07,66687297.25384572
2024-10-08,67265342.21109477
2024-10-09,67394922.18440534
2024-10-10,67373600.15863442
2024-10-11,67403860.61345825
2024-10-14,67355773.0644567
2024-10-15,67625537.57046562
2024-10-16,67741111.37397464
2024-10-17,66816689.57104263
2024-10-18,66952085.70052917
2024-10-21,66383496.34170486
2024-10-22,65596229.85302551
2024-10-23,65521618.6078195
2024-10-24,65424010.774180576
2024-10-25,64809539.827938415
2024-10-28,65206207.86050154
2024-10-29,65535360.04373016
2024-10-30,65768979.867608905
2024-10-31,65787326.16513818
2024-11-01,65984701.17349683
2024-11-04,65530805.76570277
2024-11-05,65838942.34174524
2024-11-06,66307639.77024742
2024-11-07,66528835.49310892
2024-11-08,66030382.587665215
2024-11-11,65814952.10969349
2024-11-12,65468688.07212529
2024-11-13,64668290.69641235
2024-11-14,64897708.5939297
2024-11-15,64982104.69410056
2024-11-18,65054432.46515547
2024-11-19,65063912.54372673
2024-11-20,64993537.833479986
2024-11-21,64927055.743648216
2024-11-22,65616920.60173017
2024-11-25,66168566.522793256
2024-11-26,66360800.775171004
2024-11-27,66454764.6795196
2024-11-28,66509270.8857784
2024-11-29,66649400.183224306
2024-12-02,67118979.91453171
2024-12-03,67444024.95785706
2024-12-04,68036362.52294047
2024-12-05,68089745.11612505
2024-12-06,68233079.0628489
2024-12-09,68142739.10934092
2024-12-10,68247628.3480093
2024-12-11,68669104.27332522
2024-12-12,68281358.30844006
2024-12-13,68379733.70007245
2024-12-16,68405524.76608217
2024-12-17,67963832.89533824
2024-12-18,67708258.33160742
2024-12-19,67493064.19583607
2024-12-20,66793444.11969838
2024-12-23,66838995.806818575
2024-12-24,66832516.20186467
2024-12-26,66808838.282093674
2024-12-27,66864137.92017257
2024-12-30,66766435.3511847
2024-12-31,66939241.83900272
2025-01-01,66971396.64443281
